[2459068.87209, -47.410, 0.979, 1.129, nan, nan, nan],
[2459095.80877, -60.509, 0.722, 0.797, nan, nan, nan],
[2459108.76069, -71.716, 1.136, 1.050, nan, nan, nan],
[2459120.76362, 26.338, 0.975, 1.098, nan, nan, nan],
[2459174.74445, -28.595, 0.678, 0.858, nan, nan, nan],
[2459188.59858, 44.759, 1.079, 1.246, nan, nan, nan],
[2459403.91082, 24.926, 0.878, 0.833, nan, nan, nan],
[2459452.94999, 11.320, 0.772, 0.773, nan, nan, nan],
[2459490.87583, -34.030, 0.914, 0.819, nan, nan, nan],
[2459491.94140, -36.999, 0.891, 0.891, nan, nan, nan],
[2459539.79319, 40.115, 1.174, 1.262, nan, nan, nan]
