[2459042.74118, -49.623, 0.114, 0.109, nan, nan, nan],
[2459044.67153, -50.487, 0.115, 0.125, nan, nan, nan],
[2459246.00256, -50.511, 0.085, 0.073, nan, nan, nan],
[2459303.84754, -50.000, 0.082, 0.079, nan, nan, nan],
[2459304.82262, -50.643, 0.095, 0.086, nan, nan, nan],
[2459328.79606, -50.334, 0.097, 0.100, nan, nan, nan],
[2459329.83611, -50.118, 0.131, 0.110, nan, nan, nan],
[2459364.71004, -50.426, 0.121, 0.115, nan, nan, nan],
[2459403.74665, -50.249, 0.184, 0.205, nan, nan, nan],
[2459404.66078, -50.414, 0.142, 0.164, nan, nan, nan]
