[2459043.94643, -1.977, 0.232, 0.195, nan, nan, nan],
[2459067.95320, -5.303, 0.293, 0.310, nan, nan, nan],
[2459095.78954, -40.123, 0.219, 0.202, nan, nan, nan],
[2459120.74423, -17.548, 0.195, 0.214, nan, nan, nan],
[2459174.65924, -31.408, 0.229, 0.178, nan, nan, nan],
[2459175.63126, -13.946, 0.222, 0.206, nan, nan, nan],
[2459188.67385, -49.111, 0.231, 0.230, nan, nan, nan],
[2459403.89258, -5.011, 0.323, 0.348, nan, nan, nan],
[2459404.95656, -17.975, 0.228, 0.237, nan, nan, nan],
[2459452.93156, -32.627, 0.197, 0.194, nan, nan, nan],
[2459490.85653, -16.288, 0.203, 0.184, nan, nan, nan]
