[2458979.70042, 28.775, 0.002, nan, nan],
[2459245.95337, 28.334, 0.120, nan, nan],
[2459303.79537, 26.888, 0.165, nan, nan],
[2459305.75226, 28.426, 0.216, nan, nan],
[2459327.68030, 27.096, 0.139, nan, nan],
[2459328.73100, 28.292, 0.133, nan, nan],
[2459329.73732, 27.761, 0.112, nan, nan],
[2459338.76756, 27.745, 0.429, nan, nan],
[2459363.63199, 27.853, 0.250, nan, nan],
[2459363.66814, 28.358, 0.098, nan, nan],
[2459364.65690, 28.828, 0.165, nan, nan],
[2459563.01470, 27.332, 0.150, nan, nan]
