[2458979.70042, 22.225, 0.209, 0.194, nan, nan, nan],
[2459245.95337, -45.372, 0.195, 0.200, nan, nan, nan],
[2459303.79537, 44.307, 0.185, 0.185, nan, nan, nan],
[2459305.75226, 5.422, 0.233, 0.213, nan, nan, nan],
[2459327.68030, -26.090, 0.204, 0.206, nan, nan, nan],
[2459328.73100, -42.395, 0.241, 0.217, nan, nan, nan],
[2459329.73732, -42.537, 0.186, 0.194, nan, nan, nan],
[2459338.76756, -37.615, 0.618, 0.756, nan, nan, nan],
[2459363.63199, 18.710, 0.354, 0.367, nan, nan, nan],
[2459363.66814, 19.701, 0.220, 0.214, nan, nan, nan],
[2459364.65690, 38.794, 0.248, 0.266, nan, nan, nan],
[2459563.01470, 48.104, 0.185, 0.241, nan, nan, nan]
