[2459067.92280, 1.754, 0.070, 0.067, -40.668, 0.099, 0.080],
[2459095.85700, 39.908, 0.086, 0.095, -78.472, 0.070, 0.061],
[2459095.87560, 39.990, 0.089, 0.088, -78.501, 0.053, 0.059],
[2459095.89420, 40.008, 0.090, 0.085, -78.460, 0.048, 0.047],
[2459108.78160, -16.387, 0.791, 18.544, 14.544, 0.906, 17.727],
[2459108.80080, -35.092, 12.318, 0.083, -3.132, 7.848, 0.106],
[2459119.79840, -51.220, 0.093, 0.088, 12.243, 0.072, 0.078],
[2459119.81700, -51.133, 0.091, 0.079, 12.256, 0.068, 0.060],
[2459119.83570, -51.089, 0.083, 0.071, 12.267, 0.073, 0.093],
[2459121.77520, -46.236, 0.104, 0.122, 6.679, 0.077, 0.074],
[2459121.79370, 6.724, 0.083, 0.089, -46.070, 0.090, 0.119],
[2459121.81250, 6.691, 0.080, 0.091, -46.020, 0.116, 0.109],
[2459122.83050, -40.479, 0.083, 0.081, 1.898, 0.055, 0.052],
[2459122.85120, 1.090, 0.136, 0.117, -40.542, 0.182, 0.153],
[2459122.87340, -40.104, 0.088, 0.093, 1.733, 0.072, 0.065],
[2459123.80090, -15.452, 0.614, 5.953, 11.456, 0.600, 7.766],
[2459123.81950, -15.395, 0.637, 5.785, 11.329, 0.455, 6.518],
[2459123.83810, -15.016, 0.522, 4.465, 11.585, 0.423, 6.278],
[2459124.80300, -19.293, 0.079, 0.072, nan, nan, nan],
[2459124.82270, -19.294, 0.100, 0.093, nan, nan, nan],
[2459124.84130, -19.352, 0.075, 0.078, nan, nan, nan],
[2459174.68340, -27.128, 0.068, 0.071, -11.005, 0.085, 0.087],
[2459174.70430, -27.143, 0.067, 0.060, -10.860, 0.079, 0.081],
[2459174.72440, -27.421, 0.058, 0.059, -10.834, 0.061, 0.067],
[2459175.65270, -30.782, 0.137, 0.111, -6.212, 0.182, 0.129],
[2459175.67110, -31.017, 0.126, 0.102, -6.371, 0.177, 0.123],
[2459175.68960, -31.319, 0.153, 0.109, -6.441, 0.251, 0.165],
[2459187.63420, -50.573, 0.211, 0.211, 13.172, 0.145, 0.155],
[2459187.65290, 13.125, 0.139, 0.135, -50.606, 0.207, 0.198],
[2459187.67140, 13.029, 0.133, 0.146, -50.491, 0.153, 0.172],
[2459188.63610, -48.375, 0.085, 0.092, 11.038, 0.091, 0.096],
[2459188.65460, -48.403, 0.078, 0.058, 10.841, 0.104, 0.094],
[2459452.91270, -48.955, 0.084, 0.068, 10.140, 0.111, 0.106],
[2459453.89040, -50.528, 0.086, 0.090, 11.489, 0.083, 0.092],
[2459490.83740, 13.837, 0.070, 0.062, -52.507, 0.093, 0.085]
