[2458979.79528, 26.056, 0.095, nan, nan],
[2458979.81297, 26.392, 0.039, nan, nan],
[2458979.82923, 26.249, 0.094, nan, nan],
[2458980.80348, 28.778, 0.104, nan, nan],
[2458980.82805, 28.624, 0.001, nan, nan],
[2458980.84664, 28.618, 0.120, nan, nan],
[2459043.65055, 26.587, 0.056, nan, nan],
[2459043.66598, 26.648, 0.066, nan, nan],
[2459043.68206, 26.687, 0.051, nan, nan],
[2459045.69064, 27.837, 0.087, nan, nan],
[2459045.70947, 27.708, 0.079, nan, nan],
[2459045.72801, 27.867, 0.084, nan, nan],
[2459068.62958, 26.984, 0.068, nan, nan],
[2459068.64688, 26.933, 0.068, nan, nan],
[2459068.66505, 27.117, 0.064, nan, nan],
[2459364.80168, 23.703, 0.390, nan, nan],
[2459453.61927, 28.076, 0.156, nan, nan],
[2459491.62305, 27.920, 0.126, nan, nan]
