[2458979.79528, -54.671, 0.129, 0.121, nan, nan, nan],
[2458979.81297, -54.035, 0.142, 0.135, nan, nan, nan],
[2458979.82923, -53.421, 0.203, 0.176, nan, nan, nan],
[2458980.80348, -12.412, 0.352, 0.311, nan, nan, nan],
[2458980.82805, -11.305, 0.313, 0.253, nan, nan, nan],
[2458980.84664, -10.789, 0.247, 0.243, nan, nan, nan],
[2459043.65055, -62.793, 0.174, 0.175, nan, nan, nan],
[2459043.66598, -62.588, 0.137, 0.139, nan, nan, nan],
[2459043.68206, -62.443, 0.124, 0.116, nan, nan, nan],
[2459045.69064, 13.106, 0.177, 0.169, nan, nan, nan],
[2459045.70947, 13.458, 0.192, 0.154, nan, nan, nan],
[2459045.72801, 13.819, 0.148, 0.165, nan, nan, nan],
[2459068.62958, -11.678, 0.166, 0.181, nan, nan, nan],
[2459068.64688, -12.703, 0.193, 0.161, nan, nan, nan],
[2459068.66505, -13.420, 0.160, 0.147, nan, nan, nan],
[2459364.80168, -59.560, 0.552, 0.511, nan, nan, nan],
[2459453.61927, -1.302, 0.186, 0.178, nan, nan, nan],
[2459491.62305, -28.656, 0.246, 0.238, nan, nan, nan]
