[2458979.67208, 50.226, 0.294, nan, nan],
[2459043.62931, nan, nan, nan, nan],
[2459044.62305, 49.015, 0.353, nan, nan],
[2459176.00939, 48.342, 0.344, nan, nan],
[2459187.97904, 49.262, 0.372, nan, nan],
[2459245.87319, 47.858, 0.246, nan, nan],
[2459246.86892, 49.003, 0.327, nan, nan],
[2459303.67884, 49.924, 0.284, nan, nan],
[2459304.77712, 45.907, 0.249, nan, nan],
[2459327.77066, 47.702, 0.365, nan, nan],
[2459328.66012, 46.576, 0.138, nan, nan],
[2459328.71338, 46.251, 0.145, nan, nan],
[2459329.72210, 48.738, 0.342, nan, nan],
[2459364.64072, 44.587, 0.337, nan, nan],
[2459563.00509, 49.693, 0.244, nan, nan]
