[2458979.67208, -84.548, 0.513, 0.583, nan, nan, nan],
[2459043.62931, -66.753, 0.621, 0.608, nan, nan, nan],
[2459044.62305, -2.843, 0.774, 0.626, nan, nan, nan],
[2459176.00939, -5.541, 0.539, 0.501, nan, nan, nan],
[2459187.97904, 2.061, 0.448, 0.436, nan, nan, nan],
[2459245.87319, -6.043, 0.399, 0.384, nan, nan, nan],
[2459246.86892, -73.685, 0.500, 0.507, nan, nan, nan],
[2459303.67884, -8.027, 0.532, 0.479, nan, nan, nan],
[2459304.77712, -79.222, 0.516, 0.529, nan, nan, nan],
[2459327.77066, -35.704, 0.587, 0.527, nan, nan, nan],
[2459328.66012, 14.157, 0.487, 0.391, nan, nan, nan],
[2459328.71338, 15.961, 0.451, 0.389, nan, nan, nan],
[2459329.72210, 5.725, 0.489, 0.495, nan, nan, nan],
[2459364.64072, -29.402, 0.535, 0.498, nan, nan, nan],
[2459563.00509, -87.456, 0.453, 0.545, nan, nan, nan]
