#Star Date EWs Redshifts BVCORR BJDs Limits Guesses
FNCom 2019-12-06 -0.8691017076674541 6.974825416717465e-05 28.136 2458824.008255289 [6557.592075444555,6567.592075444555] [2250.419395260651,6562.592075444555,1,2958.185592865969]
FNCom 2020-05-10 -0.2502037339649048 -2.3449556518184497e-05 -22.157 2458979.709228956 [6557.120571036957,6567.120571036957] [2226.48402805801,6562.120571036957,1,3830.97243376164]
FNCom 2020-07-12 -0.44927272661451934 -0.00010387186201653844 -25.846 2459042.664186903 [6556.4106113366415,6566.4106113366415] [2461.214862757891,6561.4106113366415,1,3757.6809710392326]
FNCom 2020-07-12 0.33434370472490116 -0.00010387186201653844 -25.846 2459042.664186903 [6559.165388434358,6569.165388434358] [2480.2441372713947,6564.165388434358,1,3757.6809710392326]
FNCom 2020-12-04 -0.20964240124403588 0.00016448045973139084 28.008 2459187.9950586716 [6557.240291498731,6567.240291498731] [2586.6211774153767,6562.240291498731,1,4385.3349198353535]
FNCom 2021-01-31 0.697245227775166 -9.606646198061358e-06 20.601 2459245.9085900737 [6557.54051524566,6567.54051524566] [2554.264435207945,6562.54051524566,1,3451.390636619621]
FNCom 2021-02-01 -0.6534953576831555 -0.00011898231593223912 20.169 2459246.935931229 [6555.603719375939,6565.603719375939] [2600.4483120186674,6560.603719375939,1,5088.75546120904]
FNCom 2021-03-30 -0.6428668177241157 -0.0001248196877539778 -5.522 2459303.69980668 [6556.233239097468,6566.233239097468] [2515.9765098182647,6561.233239097468,1,4249.453121117729]
FNCom 2021-03-31 -0.9449378258653551 -4.6932469446778926e-05 -6.272 2459304.7984247725 [6557.475759319285,6567.475759319285] [2810.660634203829,6562.475759319285,1,4352.6165426340285]
FNCom 2021-04-23 -1.1379502288606371 -4.870035919850549e-06 -16.272 2459327.734561821 [6557.882410214257,6567.882410214257] [2414.5697652347326,6562.882410214257,1,3105.4761436619947]
FNCom 2021-04-24 -1.0193898925537122 0.00011954937490920802 -16.681 2459328.7420666446 [6558.754178560095,6568.754178560095] [2496.8148492711184,6563.754178560095,1,3740.3195811833457]
FNCom 2021-05-02 -0.2178365412671237 -4.573163867202126e-05 -19.754 2459336.801178159 [6556.638527926616,6566.638527926616] [2184.1968422766963,6561.638527926616,1,2738.499203298628]
FNCom 2021-05-02 0.2753129022972427 -4.573163867202126e-05 -19.754 2459336.801178159 [6558.212488461701,6568.212488461701] [2191.0406441378777,6563.212488461701,1,2738.499203298628]
FNCom 2021-05-29 -0.25554378545299805 0.00016694883410172602 -26.373 2459363.6793610486 [6557.99298877626,6567.99298877626] [2182.7855511478956,6562.99298877626,1,3071.23414980705]