[2459067.90361, -20.040, 0.191, 0.181, nan, nan, nan],
[2459095.83758, 22.937, 0.196, 0.168, nan, nan, nan],
[2459119.77921, -61.208, 0.182, 0.198, nan, nan, nan],
[2459120.78398, -26.975, 0.338, 0.246, nan, nan, nan],
[2459174.63961, -3.090, 0.139, 0.152, nan, nan, nan],
[2459188.61673, -67.205, 0.187, 0.172, nan, nan, nan],
[2459403.93809, -43.371, 0.344, 0.450, nan, nan, nan],
[2459452.89415, -15.779, 0.258, 0.262, nan, nan, nan],
[2459453.93685, -50.041, 0.157, 0.139, nan, nan, nan],
[2459490.81308, -78.800, 0.154, 0.164, nan, nan, nan],
[2459539.75575, 26.169, 0.234, 0.268, nan, nan, nan]
