[2458979.72427, 53.263, 0.086, 0.082, nan, nan, nan],
[2459042.64780, 38.773, 0.103, 0.102, nan, nan, nan],
[2459044.64395, -11.522, 0.096, 0.090, nan, nan, nan],
[2459245.89062, 39.636, 0.079, 0.079, nan, nan, nan],
[2459246.91661, 22.140, 0.085, 0.088, nan, nan, nan],
[2459303.74785, 9.217, 0.091, 0.094, nan, nan, nan],
[2459305.79789, 58.194, 0.101, 0.117, nan, nan, nan],
[2459327.75196, 47.504, 0.106, 0.086, nan, nan, nan],
[2459328.76055, 24.637, 0.088, 0.079, nan, nan, nan],
[2459336.81860, 49.982, 0.096, 0.092, nan, nan, nan],
[2459363.69221, -41.717, 0.078, 0.072, nan, nan, nan],
[2459364.68041, -17.514, 0.081, 0.082, nan, nan, nan]
