[2458979.72427, 10.705, 0.109, nan, nan],
[2459042.64780, 11.212, 0.096, nan, nan],
[2459044.64395, 10.761, 0.088, nan, nan],
[2459245.89062, 10.686, 0.107, nan, nan],
[2459246.91661, 10.531, 0.081, nan, nan],
[2459303.74785, 12.230, 0.096, nan, nan],
[2459305.79789, 10.727, 0.105, nan, nan],
[2459327.75196, 11.013, 0.106, nan, nan],
[2459328.76055, 11.156, 0.078, nan, nan],
[2459336.81860, 10.718, 0.121, nan, nan],
[2459363.69221, 11.190, 0.097, nan, nan],
[2459364.68041, 10.761, 0.093, nan, nan]
