[2458737.64642, -0.290, 0.109, 0.104, nan, nan, nan],
[2458979.93141, -0.073, 0.115, 0.084, nan, nan, nan],
[2459042.81803, -0.164, 0.079, 0.076, nan, nan, nan],
[2459044.72809, -0.136, 0.101, 0.082, nan, nan, nan],
[2459119.66632, 0.825, 0.082, 0.086, nan, nan, nan],
[2459124.62076, -0.715, 0.093, 0.083, nan, nan, nan],
[2459304.96983, -0.578, 0.085, 0.106, nan, nan, nan],
[2459327.93982, -0.207, 0.080, 0.065, nan, nan, nan],
[2459328.91078, -0.101, 0.088, 0.080, nan, nan, nan],
[2459336.90842, -0.566, 0.080, 0.080, nan, nan, nan],
[2459403.73563, -0.631, 0.132, 0.142, nan, nan, nan],
[2459452.69215, 0.991, 0.082, 0.087, nan, nan, nan],
[2459491.63521, 0.157, 0.078, 0.080, nan, nan, nan]
