[2458737.64642, 10.604, 0.072, nan, nan],
[2458979.93141, 10.579, 0.059, nan, nan],
[2459042.81803, 10.481, 0.058, nan, nan],
[2459044.72809, 10.413, 0.064, nan, nan],
[2459119.66632, 11.367, 0.074, nan, nan],
[2459124.62076, 11.007, 0.073, nan, nan],
[2459304.96983, 11.035, 0.051, nan, nan],
[2459327.93982, 10.271, 0.059, nan, nan],
[2459328.91078, 10.163, 0.053, nan, nan],
[2459336.90842, 10.835, 0.058, nan, nan],
[2459403.73563, 10.731, 0.055, nan, nan],
[2459452.69215, 10.931, 0.069, nan, nan],
[2459491.63521, 10.582, 0.073, nan, nan]
