#File EW Redshift Calculated_RV BJD BVCORR Comments
MPBoo_2020-05-10_0.pkl 0.2506999844098856 -3.053273530586773e-05 -9.153483522547587 2458979.7679467364 -9.192 --
MPBoo_2020-07-13_0.pkl 0.2615812882092534 -1.8148245596524674e-05 -5.440707010583844 2459043.729076065 -12.949 --
MPBoo_2021-02-01_0.pkl 0.26505846604086125 -9.822090131863489e-05 -29.445884647521783 2459246.987036417 11.06 --
MPBoo_2021-03-30_0.pkl 0.263934304459835 -5.991754163294202e-05 -17.96282660411669 2459303.827737243 -0.655 --
MPBoo_2021-04-01_0.pkl 0.2561001531736191 -5.7121093666997706e-05 -17.124472617108726 2459305.8739831625 -1.202 --
29Dra_2021-05-03_0.pkl 0.017715971517880735 -4.4531765580905675e-05 -13.350287106325386 2459337.934332389 -3.821 --
29Dra_2021-07-07_0.pkl 0.060950749983930574 -3.5885740964081647e-06 -1.07582742036874 2459402.696099308 -0.04 #Bad_fit?
29Dra_2021-07-08_0.pkl 0.026367820159727273 -3.8551698990778755e-05 -11.557508292108091 2459403.7175322706 0.015 --
29Dra_2021-08-26_0.pkl 0.02043762295952023 -7.747972639694484e-05 -23.227837001869766 2459452.6254662015 3.005 --
29Dra_2021-08-27_0.pkl 0.020176924363469073 -8.008403321812497e-05 -24.00858852434307 2459453.6028061365 3.064 --
FMLyn_2020-11-21_0.pkl 0.05237153982242626 -0.0001312778055531298 -39.35609495739639 2459175.0203708326 23.876 --
FMLyn_2020-12-04_0.pkl 0.049982444037070195 2.945819563484193e-05 8.831344641948567 2459187.9096428445 20.234 --
FMLyn_2021-01-31_0.pkl 0.044216711302278 -6.650827519644844e-05 -19.93867876641751 2459245.8453931278 -6.0 --
FMLyn_2021-02-01_0.pkl 0.05453155534959464 -7.28140597974595e-05 -21.82910538112689 2459246.796741557 -6.369 --
FMLyn_2021-03-31_0.pkl 0.04098966521119474 0.00011627295060940941 34.857752731923846 2459304.7570669167 -26.396 --
2MASSJ08171221+0736164_2020-11-22_0.pkl 0.02066864394070178 -4.8015929961746424e-05 -14.394813282260367 2459175.9924514727 26.422 --
2MASSJ08171221+0736164_2021-02-01_0.pkl 0.0222977526471273 -2.1350202399517133e-05 -6.40062948534712 2459246.812369657 -3.739 --
2MASSJ08171221+0736164_2021-03-31_0.pkl -0.3124359311518665 0.00019654018085914066 58.92126234320489 2459304.7065646704 -26.583 #No_actual_fit_pls_ignore
2MASSJ08171221+0736164_2021-04-25_0.pkl 0.022883018796955312 0.00015244698535532444 45.70245523478684 2459329.6651792834 -29.243 --
2MASSJ17270871+2700144_2020-07-13_0.pkl 0.018200791489277002 6.853389161277637e-05 20.54594327462868 2459043.8297355403 -10.402 #Li_Feature_nonexistent?
2MASSJ17270871+2700144_2020-08-07_0.pkl 0.020629002916917827 -0.0001449718189837865 -43.461456794105864 2459068.793041798 -16.081 #Li_Feature_nonexistent?
2MASSJ17270871+2700144_2020-09-03_0.pkl 0.07787010498637059 -0.00026075374987012266 -78.17200552025126 2459095.6862084502 -19.05 #Li_Feature_nonexistent?
ASASJ210323+1930.9_2020-07-13_0.pkl 0.048063010955772256 -7.533018117725908e-05 -22.583419574074384 2459043.8896664833 13.401 --
ASASJ210323+1930.9_2020-07-15_0.pkl 0.03612960833898704 -0.00013867822154520467 -41.57468379867969 2459045.941527558 12.573 --
ASASJ210323+1930.9_2020-08-06_0.pkl 0.06094754425345261 -6.287726250224616e-05 -18.85012857484151 2459067.828689968 4.41 --
ASASJ210323+1930.9_2020-08-07_0.pkl 0.056731406122251915 -8.950301330858565e-06 -2.6832327642163496 2459068.8405245664 3.97 --
ASASJ210323+1930.9_2020-09-16_0.pkl 0.0523094727289517 -5.016314355779484e-05 -15.038531706893032 2459108.679192602 -11.883 --
ASASJ210323+1930.9_2020-09-27_0.pkl 0.05748037022894925 -4.882651955992531e-06 -1.4637821923842933 2459119.703392292 -15.848 --
ASASJ210323+1930.9_2020-11-21_0.pkl 0.046571882687620914 0.0001425594685910128 42.73825235959778 2459174.5810357854 -24.949 --
ASASJ210323+1930.9_2021-07-08_0.pkl 0.04133036748978114 -3.971148724585333e-06 -1.1905204054578122 2459403.83503082 15.308 --
ASASJ210323+1930.9_2021-08-26_0.pkl 0.05322843822647405 -7.68835339995415e-05 -23.049103022380848 2459452.7412820514 -3.549 --
ASASJ210323+1930.9_2020-11-22_0.pkl 0.0339014708989569 0.00019628716324670195 58.84540957327874 2459175.5826352816 -24.924 --
BD+142519_2020-05-10_0.pkl 0.13029790142001252 -8.050159031237767e-05 -24.13376898864397 2458979.741996132 -20.64 --
BD+142519_2020-12-04_0.pkl 0.11709676098925037 -0.00012889718756690417 -38.64240365879174 2459188.0086879055 27.542 --
BD+142519_2021-01-31_0.pkl 0.11512706473636891 -3.6290379720848075e-06 -1.087958184794336 2459245.9218459944 22.88 --
BD+142519_2021-03-30_0.pkl 0.12838585074767028 -9.622724485567843e-05 -28.848201492033734 2459303.713790084 -2.682 --
BD+142519_2021-04-01_0.pkl 0.1220928079885426 2.1482098896991167e-05 6.44017105947128 2459305.760433325 -3.798 --
BD+142519_2021-04-23_0.pkl 0.12327964521883228 0.00010892465557936068 32.65478936154271 2459327.7200518465 -13.96 --
BD+142519_2021-05-29_0.pkl 0.11757666249217635 0.00013210012999154353 39.602621615483315 2459363.658332253 -25.577 --
BD+201895_2020-11-21_0.pkl 0.1533422457326905 1.484147657249289e-06 0.4449362623285247 2459174.9937146115 24.442 --
BD+201895_2021-02-01_0.pkl 0.14074792093141708 0.00011252167193379902 33.733147707129845 2459246.764135745 -9.006 --
BD+201895_2021-04-01_0.pkl 0.12914848644387078 0.00017978228775361742 53.89737251226197 2459305.717921348 -29.182 --
BMCVn_2020-05-11_0.pkl 0.05347772185160471 7.303743806364054e-05 21.896072498822054 2458980.7247069394 -16.592 --
BMCVn_2021-01-31_0.pkl 0.03733710730581574 -6.757568428189757e-05 -20.258679951296564 2459245.970973963 16.588 --
BMCVn_2021-02-01_0.pkl 0.04710064381600265 -5.258066788555198e-05 -15.763287248045948 2459246.9028532375 16.471 --
BMCVn_2021-03-30_0.pkl 0.04818137002863043 2.3284163341202374e-06 0.6980416374259246 2459303.760778176 -3.206 --
BMCVn_2021-04-01_0.pkl 0.057949989409204594 -2.931739347065553e-06 -0.8789133216181825 2459305.827797069 -4.103 --
BMCVn_2021-04-23_0.pkl 0.053117392110564765 2.275791662249083e-05 6.822651581152251 2459327.6670204313 -11.408 --
BMCVn_2021-05-02_0.pkl 0.04917076246294716 0.00010532226860942155 31.57482094597658 2459336.834214478 -14.434 --
BPSCS22950-0027_2019-10-13_0.pkl 0.054763852277038616 7.090517599779221e-05 21.256836430059323 2458769.5784142646 -28.887 --
BPSCS22950-0027_2020-07-12_0.pkl 0.06148701046496141 -0.00014474293297459586 -43.39283849663988 2459042.8532181643 6.757 --
BPSCS22950-0027_2020-08-06_0.pkl 0.08134718732580115 -7.242812184914321e-05 -21.713404098053175 2459067.788090351 -5.489 --
BPSCS22950-0027_2020-08-07_0.pkl 0.06784133775757262 -1.5991245712335935e-05 -4.794054730653185 2459068.823743169 -6.083 --
BPSCS22950-0027_2020-09-03_0.pkl 0.06945191293238073 0.00011366505548445349 34.07592546307025 2459095.748419986 -18.224 --
BPSCS22950-0027_2020-10-02_0.pkl 0.06168216929893777 -3.510878011114018e-05 -10.525347206029988 2459124.636857824 -27.202 --
BPSCS22950-0027_2020-11-22_0.pkl 0.0664862318700985 9.98625806764819e-05 29.938047724325166 2459175.543755937 -27.013 --
BPSCS22950-0027_2021-07-08_0.pkl 0.07183615978145363 -7.882881527752588e-05 -23.632283662646916 2459403.816556142 8.918 --
BPSCS22950-0027_2021-07-09_0.pkl 0.06657796220262968 -0.00012061997318589075 -36.1609572803325 2459404.9150070576 8.156 --
BPSCS22950-0027_2021-08-26_0.pkl 0.07019903146758866 -6.729276404077613e-05 -20.173862599056175 2459452.7243347345 -14.635 --
BPSCS22950-0027_2021-08-27_0.pkl 0.07315007008009822 -7.61888528123305e-05 -22.840842847297953 2459453.708919503 -15.031 --
BPSCS22950-0027_2021-10-04_0.pkl 0.08420369910903824 6.705413507993148e-05 20.102323438243605 2459491.650094238 -27.618 --
EPCVn_2020-05-10_0.pkl 0.1329682852287699 0.0002608393666821728 78.19767279409696 2458979.724271754 -19.85 --
EPCVn_2020-07-12_0.pkl 0.12053036047166232 0.00020044509261418273 60.09192540528275 2459042.647798141 -17.226 --
EPCVn_2020-07-14_0.pkl 0.10153546348735176 3.647130715552315e-05 10.933822526856815 2459044.643953625 -16.782 --
EPCVn_2021-01-31_0.pkl 0.12035789886376635 0.00010801921156946245 32.383344083477496 2459245.8906184826 11.673 --
EPCVn_2021-02-01_0.pkl 0.12127745189323447 4.9294599020998765e-05 14.778148612272823 2459246.9166126545 11.286 --
EPCVn_2021-03-30_0.pkl 0.11547750522985334 7.724547425688112e-05 23.15760997888232 2459303.747850439 -9.471 --
EPCVn_2021-04-01_0.pkl 0.11839683379400912 0.0002467537899380663 73.97492323231825 2459305.7978898776 -10.247 --
EPCVn_2021-04-23_0.pkl 0.12910114588408783 0.00022812615954879097 68.39050028022294 2459327.751960814 -16.548 --
EPCVn_2021-04-24_0.pkl 0.11158987072181503 0.00015059291807912987 45.14661986359164 2459328.760553798 -16.801 --
EPCVn_2021-05-02_0.pkl 0.11863498419112783 0.0002421232046904601 72.58670873600452 2459336.818604055 -18.61 --
EPCVn_2021-05-29_0.pkl 0.10963244352978219 -5.2165899081423446e-05 -15.638942692072686 2459363.692212643 -21.518 --
EPCVn_2021-05-30_0.pkl 0.12434627342291549 2.3360870682030136e-05 7.003412655898986 2459364.6804055814 -21.532 --
FNCom_2019-12-06_0.pkl 0.14361229690758526 -3.4384656330729303e-06 -1.0308260363797348 2458824.008255289 28.136 --
FNCom_2020-05-10_0.pkl 0.14969165929166905 7.145557353022918e-05 21.421841454782555 2458979.709228956 -22.157 --
FNCom_2020-07-12_0.pkl 0.17263076505559116 -1.0111462429793254e-05 -3.031340094910673 2459042.664186903 -25.846 --
FNCom_2020-12-04_0.pkl 0.12725119588551337 8.19288613020143e-05 24.561654055441057 2459187.9950586716 28.008 --
FNCom_2021-01-31_0.pkl 0.14099941111539893 -5.8247009310847815e-05 -17.46201362647188 2459245.9085900737 20.601 --
FNCom_2021-02-01_0.pkl 0.14842102296209436 -0.00017407563751513922 -52.1865618559755 2459246.935931229 20.169 --
FNCom_2021-03-30_0.pkl 0.12444035209535942 -9.034676495432158e-05 -27.085278015230205 2459303.69980668 -5.522 --
FNCom_2021-03-31_0.pkl 0.13579240178769636 -1.0206488411504525e-05 -3.05982816678155 2459304.7984247725 -6.272 --
FNCom_2021-04-23_0.pkl 0.15983292414516015 6.538742859244485e-05 19.602657416929095 2459327.734561821 -16.272 --
FNCom_2021-04-24_0.pkl 0.1413535746082597 0.00020007375693244727 59.98060177148285 2459328.7420666446 -16.681 --
FNCom_2021-05-02_0.pkl 0.14858304423460567 4.074630516376793e-05 12.21543465349364 2459336.801178159 -19.754 --
FNCom_2021-05-29_0.pkl 0.13810209561938924 0.00026094254405079173 78.22860459021977 2459363.6793610486 -26.373 --
FNCom_2021-05-30_0.pkl 0.05892942758328745 0.0001813321153623954 54.36199912817516 2459364.665780637 -26.499 --
FRBoo_2020-05-11_0.pkl 0.024040025502718443 -6.800851477692802e-05 -20.388439265836457 2458980.731319593 -12.626 --
FRBoo_2020-07-13_0.pkl 0.021294570808860325 -3.983062183779085e-05 -11.940919705774823 2459043.715891451 -24.426 --
FRBoo_2020-07-14_0.pkl 0.02701979683959621 -2.7973169157202014e-05 -8.386144915902028 2459044.659845414 -24.321 --
FRBoo_2021-03-30_1.pkl 0.025552707381087725 -0.0001067523840512293 -32.00355875805896 2459303.786001935 4.426 --
FRBoo_2021-04-01_0.pkl 0.022794525241442987 -0.00010163712202109848 -30.470041821654068 2459305.8582141357 3.391 --
FRBoo_2021-04-23_0.pkl 0.02173026208578932 -7.598075992735761e-05 -22.778458171484363 2459327.820292865 -5.825 --
FRBoo_2021-01-31_0.pkl 0.02300736082619048 -0.00017117575648384955 -51.31719941689664 2459245.9897105666 23.038 --
GSC02769-00149_2020-07-13_0.pkl 0.14375762648559576 -7.570041966957277e-05 -22.69441427876941 2459043.946432999 24.136 --
GSC02769-00149_2020-08-06_0.pkl 0.15227238723532555 -7.77364646314388e-05 -23.304805186197385 2459067.953196569 19.819 --
GSC02769-00149_2020-09-03_0.pkl 0.13865259363312754 -0.00015611051921470066 -46.800755026147186 2459095.789541856 11.135 --
GSC02769-00149_2020-09-28_0.pkl 0.16159289419961542 -3.886419334095998e-05 -11.651191738960078 2459120.7442322248 0.826 --
GSC02769-00149_2020-11-21_0.pkl 0.17215962155530606 -1.8540941439482905e-05 -5.558434259449107 2459174.659242519 -20.117 --
GSC02769-00149_2020-11-22_0.pkl 0.13604428400008306 3.962863203988403e-05 11.880364689385333 2459175.631255174 -20.333 --
GSC02769-00149_2020-12-05_0.pkl 0.1809111096110838 -7.52277468444019e-05 -22.552710534463017 2459188.673853307 -23.504 --
GSC02769-00149_2021-07-08_0.pkl 0.15430104403024947 -9.213702498792597e-05 -27.62198445684155 2459403.8925774097 24.689 --
GSC02769-00149_2021-07-09_0.pkl 0.1576125729973299 -0.00012424149046009228 -37.24666081668269 2459404.9565587067 24.489 --
GSC02769-00149_2021-08-26_0.pkl 0.1917242882946142 -0.0001290911256140601 -38.700544821096834 2459452.9315603673 13.85 --
GSC02769-00149_2021-10-03_0.pkl 0.1626586184816725 -2.596700676895346e-05 -7.784712578431142 2459490.8565301974 -1.502 --
HD161570_2020-05-11_0.pkl 4.0070004212157215 -0.00021370534939046116 -64.06725027187235 2458980.8623694154 6.138 #poor_fit
HD161570_2020-07-12_0.pkl 0.021047584415769816 -3.680303581061877e-05 -11.033272273103139 2459042.8651175196 -5.45 --
HD161570_2020-08-07_0.pkl 0.016800688631154692 -0.0001591314172567125 -47.706397451362115 2459068.752692881 -9.147 --
HD161570_2020-09-29_0.pkl 0.027782651588079244 -7.862725725862543e-05 -23.571858090343603 2459121.638838337 -11.248 --
HD161570_2021-03-31_0.pkl 4.0178538492392875 -0.00019803341811426036 -59.368923598348495 2459304.961162682 11.013 #poor_fit
HD161570_2021-04-23_0.pkl 0.035715472653549796 -0.00017585948297414857 -52.72134525655329 2459327.9205649765 8.783 #poor_fit
HD347929_2019-09-11_0.pkl 0.24211686228922114 8.964777982888561e-05 26.875727551962196 2458737.6464178152 -21.148 --
HD347929_2020-05-10_0.pkl 0.24235478444035907 -2.995072434707262e-05 -8.979001031283552 2458979.931411792 14.707 --
HD347929_2020-07-12_0.pkl 0.23633374983721733 4.166041075907512e-05 12.48947660946949 2459042.8180268123 -6.722 --
HD347929_2020-07-14_0.pkl 0.23487598046425973 4.302148033348676e-05 12.897514991802813 2459044.7280912367 -7.185 --
HD347929_2020-09-27_0.pkl 0.2379972437348239 9.302910996726115e-05 27.88942479840464 2459119.6663205875 -21.954 --
HD347929_2020-10-02_0.pkl 0.23976764543981322 8.88179196592216e-05 26.626941738541213 2459124.620755193 -21.761 --
HD347929_2021-03-31_0.pkl 0.24238235637010552 -5.3214713721995325e-05 -15.953369402765597 2459304.969834702 21.707 --
HD347929_2021-04-23_0.pkl 0.23608351044746811 -4.328670663660153e-05 -12.977027835018033 2459327.9398246803 18.791 --
HD347929_2021-04-24_0.pkl 0.231348538030824 -4.342752685454996e-05 -13.019244673166327 2459328.9107846417 18.666 --
HD347929_2021-05-02_0.pkl 0.2291965273546448 -3.792138323065025e-05 -11.368544386105553 2459336.908415024 16.917 --
HD347929_2021-07-08_0.pkl 0.2383573842746931 3.252898609483408e-05 9.751944437386243 2459403.735625022 -4.997 --
HD347929_2021-08-26_0.pkl 0.23185039404279406 8.330993438427763e-05 24.975689338401832 2459452.692151685 -19.016 --
HD347929_2021-10-04_0.pkl 0.23122384225847137 9.041671140153551e-05 27.106247432009265 2459491.63520847 -21.722 --
HD53476_2020-11-22_0.pkl 0.06261513967147492 4.9608006138202404e-05 14.872105699786738 2459175.9768875246 21.007 --
HD53476_2020-12-04_0.pkl 0.07507582287611125 -1.2852382233913854e-05 -3.8530471582415076 2459187.84775447 16.491 --
HD53476_2021-02-01_0.pkl 0.07074445976186672 4.05432809643458e-05 12.15456953133959 2459246.7443079758 -13.086 --
HD53476_2021-03-31_0.pkl 0.057523786634360974 8.718345691017824e-05 26.136942146571766 2459304.6462045377 -29.55 --
KNCnc_2020-11-21_0.pkl 0.04897892427213124 8.27387613563114e-05 24.80445597697392 2459174.948757126 25.546 --
KNCnc_2020-11-22_0.pkl 0.04940691036683553 6.790553068566179e-05 20.35756541280473 2459175.9397871085 25.291 --
KNCnc_2021-01-31_0.pkl 0.07365082382561594 1.849745638042315e-05 5.545397767055189 2459245.7694435637 -6.324 --
KNCnc_2021-04-01_0.pkl 0.0651162758608419 0.0001617748561145958 48.498880462992155 2459305.7348675793 -28.356 --
KNCnc_2021-04-24_0.pkl 0.06417197516188367 9.943839354293338e-05 29.81087962430018 2459328.6377808643 -29.521 --
KNCnc_2021-04-25_0.pkl 0.07240148033158844 7.75860454692996e-05 23.25971065705273 2459329.646062807 -29.49 --
KNCnc_2021-10-04_0.pkl 0.05521053801567444 4.729320165646431e-05 14.178144792935495 2459491.9907366917 28.453 --
KNCnc_2021-11-21_0.pkl 0.07886452670646982 -8.716440063583146e-05 -26.131229219397472 2459539.8445668668 25.839 --
KNCnc_2021-03-30_0.pkl 0.03330055552867117 0.00022751757944359366 68.20805255946459 2459303.6570160287 -27.864 --
KYBoo_2020-07-12_0.pkl 0.08787655862746124 -9.944430472861054e-05 -29.81265175313674 2459042.741180837 -17.252 --
KYBoo_2020-07-14_0.pkl 0.07015353771442534 -9.994087621224647e-05 -29.96152013481609 2459044.671529504 -17.089 --
KYBoo_2021-01-31_0.pkl 0.07787339716328656 -0.00020389062198510055 -61.12486909693716 2459246.0025634877 15.429 --
KYBoo_2021-03-30_0.pkl 0.08796576989414229 -0.00016575724244775975 -49.692769818657894 2459303.8475400517 1.143 --
KYBoo_2021-03-31_0.pkl 0.07410182957487921 -0.00015640484913878616 -46.88899291519709 2459304.8226174116 0.892 --
KYBoo_2021-04-25_0.pkl 0.0839207495789358 -0.00013398032733308884 -40.16629058298867 2459329.8361092946 -6.517 --
KYBoo_2021-07-08_0.pkl 0.08126468188807534 -0.00010817125261975316 -32.42892484244472 2459403.7466507074 -17.373 --
KYBoo_2021-07-09_0.pkl 0.0700864705689681 -0.00010366567825278203 -31.078187664313244 2459404.6607765937 -17.238 --
KYBoo_2021-04-24_0.pkl 0.08706592381888223 -0.0001384033328611962 -41.49227424662352 2459328.7960608476 -6.157 --
MXBoo_2021-02-01_0.pkl 0.05557870288992728 -9.844291588946073e-05 -29.51244293964536 2459246.9679935253 16.33 --
MXBoo_2021-03-30_0.pkl 0.062468014605009614 -5.3191471375337715e-05 -15.946401522717364 2459303.866475607 3.288 --
MXBoo_2021-04-01_0.pkl 0.04302700362610912 -5.31519604348464e-05 -15.934556441065668 2459305.893756022 2.633 --
MXBoo_2021-04-25_0.pkl 0.05359846940714208 -2.1723785509682634e-05 -6.512626881222256 2459329.7474876908 -4.221 --
MXDra_2020-05-10_0.pkl 0.09887238755412575 5.802004623205332e-05 17.393971809020535 2458979.6871344033 -15.122 --
MXDra_2020-07-12_0.pkl 0.1199555808063093 -6.171443294187751e-05 -18.50152105200617 2459042.6791257365 -6.66 --
MXDra_2021-01-31_0.pkl 0.12821028629717413 -5.977259745169182e-05 -17.919373432906447 2459245.9629817395 0.903 --
MXDra_2021-03-30_0.pkl 0.10275914302141276 -3.3939840597038755e-05 -10.174907965195711 2459303.8057150114 -12.325 --
MXDra_2021-04-01_0.pkl 0.11442287547012198 9.137115302083417e-05 27.392381823440775 2459305.8128293054 -12.634 --
MXDra_2021-04-23_0.pkl 0.11763386005151899 0.00012211145664270433 36.608092759985105 2459327.787653292 -14.874 --
MXDra_2021-04-24_0.pkl 0.1271969601687286 1.5377616916044564e-05 4.610093450422444 2459328.775939255 -14.917 --
MXDra_2021-05-30_0.pkl 0.12860644847923464 0.0002290236541596846 68.65956238848455 2459364.692710052 -13.985 --
MXDra_2021-07-09_0.pkl 0.13131965427179004 7.461716106224098e-05 22.36966152689383 2459404.6221216903 -7.372 --
QZBoo_2020-09-03_0.pkl 0.04878382047012364 4.944547573027954e-05 14.823380310596043 2459095.6202978035 -9.677 --
QZBoo_2020-09-28_0.pkl 0.05944196273096081 -2.857634285407805e-05 -8.56697183626405 2459120.5816413793 -5.198 --
QZBoo_2021-01-31_0.pkl 0.04168044643857316 -0.00010853543704242228 -32.538104582768526 2459246.01890135 13.092 --
QZBoo_2021-03-31_0.pkl 0.05325398928173053 -0.0001782931020957045 -53.45092589537139 2459304.868769239 4.323 --
QZBoo_2021-04-24_0.pkl 0.055330312595811115 4.360100418433084e-05 13.071251866880795 2459328.8773599784 -1.133 --
QZBoo_2021-04-25_0.pkl 0.05254726976055002 4.522834565480677e-05 13.559116553301376 2459329.8163958234 -1.241 --
QZBoo_2021-05-03_0.pkl 0.036092991426266874 -0.00014293695773801357 -42.85142075582555 2459337.9811839703 -3.299 --
QZBoo_2021-07-08_0.pkl 0.05598663517279823 -1.298777807357338e-05 -3.893637808732844 2459403.689239882 -12.68 --
QZBoo_2021-07-09_0.pkl 0.05197483646434442 4.903600331852099e-06 1.4700623573067537 2459404.6427718285 -12.65 --
QZBoo_2021-08-27_0.pkl 0.05510449009927454 3.894461119021093e-05 11.67530040301075 2459453.6539127724 -10.701 --
QZBoo_2021-10-04_0.pkl 0.24005641180416992 -6.86135708976055e-05 -20.569830522641855 2459491.590145145 -4.014 #Bad_fit
QZBoo_2021-08-26_0.pkl 0.03889667605246494 2.7312808853482587e-05 8.188173882567236 2459452.663416706 -10.831 --
TYC1543-131-1_2020-09-28_0.pkl 0.04094088979728383 3.31444031229658e-05 9.936441816021569 2459120.638003641 -20.229 --
TYC1543-131-1_2020-09-29_0.pkl 0.04629638653865298 5.424669687778881e-05 16.26275016139966 2459121.59952307 -20.036 --
TYC1543-131-1_2021-03-31_0.pkl 0.053799774058366 -0.00013739122093971956 -41.18885073400983 2459304.9260204225 19.551 --
TYC2645-156-1_2020-07-12_0.pkl 0.09463373706949918 -4.2763933738849014e-05 -12.820304467207206 2459042.917725972 -1.829 --
TYC2645-156-1_2020-07-14_0.pkl 0.09351978940466354 9.68201935935214e-06 2.902596304687609 2459044.780269141 -2.102 --
TYC2645-156-1_2020-08-07_0.pkl 0.09406393223555698 0.00010932909768069387 32.776038049984535 2459068.767268841 -8.302 --
TYC2645-156-1_2020-09-29_0.pkl 0.1020132510495082 -3.792010382460159e-05 -11.36816082983168 2459121.669276109 -16.253 --
TYC2645-156-1_2020-11-21_0.pkl 0.09662253165569101 3.4094662287485523e-06 1.022132233908789 2459174.5431638323 -11.88 #Bad_fit
TYC2645-156-1_2021-04-23_0.pkl 0.20261291408168614 4.575512841255972e-05 13.71704204686589 2459327.962711477 15.392 --
TYC3557-919-1_2020-07-12_0.pkl 0.09137780907094317 -5.590910146591203e-05 -16.76112650576436 2459042.9505076474 5.132 --
TYC3557-919-1_2020-08-06_0.pkl 0.08902190266607413 8.843331012949424e-05 26.511638705330896 2459067.7663689395 0.489 --
TYC3557-919-1_2020-09-27_0.pkl 0.09364633092238606 -3.718945141036098e-05 -11.149116752468075 2459119.681461219 -9.177 --
TYC3557-919-1_2020-11-21_0.pkl 0.06719181898005466 -3.7175072931380494e-05 -11.144806193027241 2459174.5613350007 -12.249 --
TYC3557-919-1_2021-07-08_0.pkl 0.09157615335409464 -3.776595741509003e-05 -11.321948900065507 2459403.788070508 6.18 --
TYC3557-919-1_2021-08-26_0.pkl 0.0953392676252629 4.44711796905309e-05 13.332123913814502 2459452.7046704134 -3.458 --
TYC3557-919-1_2021-08-27_0.pkl 0.09931624282254647 7.497206687276122e-05 22.476059609348926 2459453.6935589705 -3.638 --
TYC3557-919-1_2021-10-04_0.pkl 0.08442865683108192 7.408996657281834e-05 22.211612599283313 2459491.664947369 -10.075 --
TYC4216-800-1_2020-07-13_0.pkl 0.06698981481551947 -4.796414516971812e-05 -14.379288592585462 2459043.847431497 2.52 --
TYC4216-800-1_2020-07-14_0.pkl 0.07638689642688457 -6.38733946956407e-05 -19.148761485623133 2459044.818396685 2.489 --
TYC4216-800-1_2020-09-03_0.pkl 0.06174999990082819 2.1196303771279386e-05 6.354491838536087 2459095.726867988 -1.343 --
TYC4216-800-1_2020-09-29_0.pkl 0.046229177775720665 -5.7632630685617595e-05 -17.27782755318648 2459121.707653884 -3.195 --
TYC4216-800-1_2020-09-30_0.pkl 0.06302818692900125 -6.301114948074485e-05 -18.890266880148726 2459122.716110459 -3.263 --
TYC4415-328-1_2020-05-11_0.pkl 0.07476963253405833 -0.00013225633296318762 -39.64945008704978 2458980.782451904 -6.474 --
TYC4415-328-1_2020-07-13_0.pkl 0.0881899560553725 -8.731503538348183e-05 -26.176388379450707 2459043.7918537064 -4.014 --
TYC4415-328-1_2020-08-07_0.pkl 0.07754539225611934 -0.00017896076587644926 -53.65108645597712 2459068.733678339 -1.533 --
TYC4415-328-1_2021-04-24_0.pkl 0.0972150910371381 -7.819824191116188e-05 -23.443242528239903 2459328.8948834967 -6.019 --
TYC4415-328-1_2021-04-25_0.pkl 0.05119763765145402 -7.016118045440045e-05 -21.033792183316827 2459329.8569865488 -6.031 --
TYC4415-328-1_2021-07-08_0.pkl 0.08065603945176125 -0.0001693422543984832 -50.76752933464455 2459403.706915801 -4.407 --
TYC4415-328-1_2021-08-26_0.pkl 0.1126042717978275 -0.00017122434871883662 -51.33176700207439 2459452.6444274136 0.546 --
TYC4415-328-1_2021-10-04_0.pkl 0.10209114984832501 -0.00014961176962010464 -44.85247896324674 2459491.6076846076 4.466 --
TYC4667-90-1_2020-08-06_0.pkl 0.1177757751352666 -0.00011675777473463156 -35.003099344243296 2459067.903611289 21.641 --
TYC4667-90-1_2020-09-03_0.pkl 0.12781647088087045 5.2715056864123733e-05 15.803576049184972 2459095.83758271 10.255 --
TYC4667-90-1_2020-09-27_0.pkl 0.12250853132340556 -0.0001823281123379258 -54.660591501662005 2459119.7792143417 -1.615 --
TYC4667-90-1_2020-09-28_0.pkl 0.15923086127748887 -7.493117383211109e-05 -22.463800184504475 2459120.783983253 -2.142 --
TYC4667-90-1_2020-11-21_0.pkl 0.110661645380278 7.795953686377782e-05 23.371680557257267 2459174.6396068484 -25.378 --
TYC4667-90-1_2020-12-05_0.pkl 0.11501966705734556 -0.00012484962740868442 -37.42897568243666 2459188.6167272655 -28.62 --
TYC4667-90-1_2021-07-08_0.pkl 0.08577974132077504 -0.00023262970062488137 -69.74062789309971 2459403.9380938183 28.483 --
TYC4667-90-1_2021-08-26_0.pkl 0.10674339679647282 -8.22458472089391e-05 -24.656684037093513 2459452.8941489425 13.895 --
TYC4667-90-1_2021-08-27_0.pkl 0.09239682720437736 -0.0001771139412559659 -53.0974223782821 2459453.9368523182 13.33 --
TYC4667-90-1_2021-10-03_0.pkl 0.12214617418796969 -0.00023335273996550097 -69.95738962847045 2459490.8130843714 -4.647 --
V457Vir_2020-05-11_0.pkl 0.055919101777533786 -3.153856552857345e-05 -9.45502382929658 2458980.7382823075 -16.979 --
V457Vir_2021-01-31_0.pkl 0.06417309514886327 -8.367339295676649e-06 -2.5084651474321773 2459245.9469992565 25.993 --
V457Vir_2021-03-30_0.pkl 0.07322197179689471 6.481981052147126e-05 19.43248980476765 2459303.737746355 2.744 --
V457Vir_2021-04-01_0.pkl 0.07630460614051593 0.00015809627537580073 47.396069730785975 2459305.7878317116 1.605 --
V457Vir_2021-04-23_0.pkl 0.0532083378540289 -3.0005332409456777e-05 -8.995372116095451 2459327.6926469756 -8.938 --
V498And_2020-08-06_0.pkl 0.05629476821174961 7.492199804220459e-06 2.246104935196772 2459067.93753886 22.926 --
V498And_2020-09-03_0.pkl 0.045310486381469506 1.8882945889968253e-05 5.660964611571013 2459095.821276525 17.59 --
V498And_2020-09-04_0.pkl 0.04256618180900862 3.7530848513580404e-05 11.251465026465128 2459096.894214588 17.157 --
V498And_2020-09-29_0.pkl 0.03266336966528094 -6.485209625636828e-05 -19.442168824332477 2459121.757841243 8.913 --
V498And_2020-11-21_0.pkl 0.048410494101384316 -4.1120846774802755e-05 -12.327719400692716 2459174.769365179 -12.83 --
V498And_2020-12-05_0.pkl 0.04979729608296468 0.00011896828456258681 35.66579350131508 2459188.5649004746 -17.207 --
V498And_2021-07-08_0.pkl 0.04695612418224515 6.503320554401882e-07 0.19496464021394985 2459403.9225947405 23.385 --
V498And_2021-08-27_0.pkl 0.04401424216268435 -9.50622705935314e-05 -28.498951003797735 2459453.875187904 19.374 --
V498And_2021-10-03_0.pkl 0.03531766147003168 -4.1228688450600665e-05 -12.360049520892277 2459490.894370947 7.171 --
V498And_2021-10-04_0.pkl 0.06854946194476197 -9.571923714482808e-05 -28.695904615779014 2459491.7759628003 7.019 --
V832Her_2020-08-07_0.pkl 0.013806085783300226 8.57176387965763e-06 2.569750094304066 2459068.806872156 -17.21 --
V832Her_2020-09-03_0.pkl 0.0213023284964291 -2.2479578913616348e-05 -6.739208037481384 2459095.6729304874 -19.58 --
V832Her_2020-09-28_0.pkl 0.016827380463115826 -3.766471083632137e-05 -11.291595940162333 2459120.625248019 -18.351 --
V832Her_2021-03-31_0.pkl 3.97137578777125 -2.8573114558045452e-05 -8.566004017487113 2459304.9783234326 17.655 #Bad_Fit
V832Her_2021-04-23_0.pkl 0.01648035681759863 -0.00011262866627624181 -33.76522380318691 2459327.9515599553 12.895 --
V834Her_2020-07-12_0.pkl 0.019245052059944978 8.843907462710073e-05 26.513366858191368 2459042.883156258 -8.325 --
V834Her_2020-07-14_0.pkl 0.01806613481659536 9.417532191274674e-05 28.233050485761034 2459044.7526529357 -8.603 --
V834Her_2020-09-29_0.pkl 0.015812450746731876 0.00011290812762835015 33.84900420661578 2459121.6335395025 -17.705 --
V834Her_2021-04-23_0.pkl 0.02957478949787573 1.228930482374711e-05 3.6842408019079644 2459327.904953532 13.964 --
V834Her_2021-05-02_1.pkl 0.027855094093807597 2.284896890541922e-05 6.849948368129446 2459336.8930710377 12.041 --
V846Her_2020-05-10_0.pkl 0.010170165594912017 -0.00024081112365124707 -72.19335674666031 2458979.8621196607 3.623 --
V846Her_2020-08-06_0.pkl -0.36391819594389485 -0.0001423741227995655 -42.682687090682606 2459067.6955259987 -20.178 #Bad_Fit
V846Her_2020-09-03_0.pkl 0.030087617921683574 -2.8277405625787533e-05 -8.477352712198629 2459095.645165042 -20.547 --
V846Her_2021-03-31_0.pkl -0.01583680820529132 -5.1572313048763934e-05 -15.46099008105591 2459304.8878235393 16.139 #Bad_Fit
TYC4223-399-1_2020-05-10_2.pkl 0.02751475273202031 -9.199811397531125e-06 -2.7580339984037803 2458979.9434714452 2.56 --
TYC4223-399-1_2020-07-12_0.pkl 0.05216639491103825 1.4523705339529797e-05 4.35409720681572 2459042.766113246 2.169 --
TYC4223-399-1_2020-07-12_1.pkl 0.04403455886635177 -6.9759755487201055e-06 -2.091344800890895 2459042.784625996 2.149 --
TYC4223-399-1_2020-07-12_2.pkl 0.030652661149657146 1.8437283123524855e-05 5.527358278945169 2459042.8025277676 2.129 --
TYC4223-399-1_2020-07-13_0.pkl 0.045082208595518036 -1.1020668913526355e-05 -3.3039133342249043 2459043.7475127634 2.158 --
TYC4223-399-1_2020-07-13_1.pkl -0.00020287953964182037 -8.897382367466787e-06 -2.6673680585296684 2459043.7610831624 2.143 #poor_fit
TYC4223-399-1_2020-07-13_2.pkl 0.0393474832292231 -1.4638752965971254e-05 -4.388587616613289 2459043.7750277068 2.127 #poor_fit
TYC4223-399-1_2020-07-15_0.pkl 0.029332708081298176 -0.00015589581806789253 -46.73638924332777 2459045.868142627 1.965 --
TYC4223-399-1_2020-07-15_1.pkl 0.024059020479443305 -0.00014951795840166917 -44.82435506823449 2459045.886795065 1.95 --
TYC4223-399-1_2020-07-15_2.pkl 0.027697275894370765 -0.00016132804023369438 -48.36492843535781 2459045.9053332647 1.936 --
TYC4223-399-1_2020-07-15_3.pkl 0.014054681166406624 -0.00016776454587973325 -50.29454423242264 2459045.9211236215 1.926 --
TYC4223-399-1_2020-08-06_0.pkl 0.013509220060739846 -0.00015107727885953256 -45.29182756863247 2459067.710151641 1.261 --
TYC4223-399-1_2020-08-06_1.pkl 0.05459537799184089 -0.00010398166948351864 -31.17291944955429 2459067.726354962 1.243 --
TYC4223-399-1_2020-08-06_2.pkl 0.04902390733160722 -0.0001184314425058466 -35.504852305861895 2459067.742130792 1.226 --
TYC4223-399-1_2020-08-07_0.pkl 0.027167917435304556 -2.1586017029296037e-05 -6.471324930954381 2459068.6849390627 1.245 --
TYC4223-399-1_2020-08-07_1.pkl 0.028983326879117755 -1.1484878498982106e-05 -3.443079863162168 2459068.6995949107 1.229 --
TYC4223-399-1_2020-08-07_2.pkl 0.02641992695788442 -1.5995415743035154e-05 -4.7953048743730795 2459068.715576377 1.211 --
TYC4223-399-1_2020-09-30_0.pkl 0.018451611674010326 -2.4244943423879336e-05 -7.268450989156174 2459122.7346600164 -1.421 --
TYC4223-399-1_2021-08-27_0.pkl 0.02205782008643009 -0.00010564351274702881 -31.671127513037998 2459453.6384152747 0.351 --
TYC4223-399-1_2021-10-04_1.pkl 0.04172047062920825 -5.191300754769964e-05 -15.563127719593366 2459491.68950639 -1.562 --
GSC00563-00384_2020-07-13_0.pkl 0.06025944442319453 -8.989967920567693e-05 -26.951245083283943 2459043.911502601 21.565 --
GSC00563-00384_2020-08-06_0.pkl 0.05658709424545405 -0.00013940244601313444 -41.79180082627031 2459067.8710220093 12.303 --
GSC00563-00384_2020-09-03_0.pkl 0.054119913103900075 -0.00010588412790128217 -31.74326211963874 2459095.77100075 -0.861 --
GSC00563-00384_2021-07-08_0.pkl 0.02624632658963888 -0.00022215513962247824 -66.60043358751483 2459403.8620353444 23.335 --
GSC00563-00384_2021-07-09_0.pkl 0.03565331136382355 -0.0002052457159744456 -61.53111604398318 2459404.92885045 22.856 --
GSC00563-00384_2021-08-26_0.pkl 0.025574442516340667 -6.0284551604279886e-05 -18.0728534225985 2459452.8593303356 2.998 --
GSC00563-00384_2021-10-03_0.pkl 0.05977471998049699 -2.945306514468088e-05 -8.829806559733486 2459490.7738454654 -15.157 --
ASASJ073642+0354.3_2020-11-21_0.pkl 0.024371572069541436 -2.2333896824062653e-05 -6.695533646932962 2459174.924241064 23.7 --
ASASJ073642+0354.3_2020-11-22_0.pkl 0.018035991957408903 -8.120782630578322e-06 -2.4345493207385203 2459175.9209552733 23.417 --
ASASJ073642+0354.3_2020-12-04_0.pkl 0.03034741553684972 -4.823863870494237e-06 -1.44615796820195 2459187.861585279 19.565 --
ASASJ073642+0354.3_2021-01-31_0.pkl 0.027158314150323104 7.685530566712218e-05 23.040640381445446 2459245.749906158 -7.723 --
ASASJ073642+0354.3_2021-03-30_0.pkl 0.014347451733895955 0.00015274989673309784 45.7932657788624 2459303.637324893 -27.351 --
ASASJ073642+0354.3_2021-04-24_0.pkl 0.030936835616130143 0.00011224475240060825 33.65012932182173 2459328.6184829986 -28.249 --
ASASJ073642+0354.3_2021-04-25_0.pkl 0.0372690674633569 0.00015276054337038622 45.79645756033935 2459329.626567434 -28.192 --
ASASJ073642+0354.3_2021-11-21_0.pkl 0.06232597395849915 7.504909568485512e-06 2.2499152265647147 2459539.8649457265 23.923 --
ASASJ073642+0354.3_2021-10-04_0.pkl 0.01391363565130277 -4.465633899861617e-05 -13.38763327642569 2459491.9843606437 27.851 #not_really_a_feature??
ASASJ155307+2028.6_2021-02-01_0.pkl 0.05333579793148546 -4.5082948902690764e-05 -13.515527704762476 2459247.0042639263 23.196 --
ASASJ155307+2028.6_2021-04-25_0.pkl 0.04112452476261552 8.846214049650578e-06 2.6520281831691683 2459329.7782430854 6.473 --
ASASJ155307+2028.6_2021-03-30_0.pkl 0.08176683047782962 -0.00024497776955875793 -73.44248573155546 2459303.9626250532 15.109 --
OOBoo_2021-01-31_0.pkl 0.04134093444994891 9.611513047568078e-05 28.81459044737401 2459246.0321946843 23.781 --
OOBoo_2021-03-30_0.pkl 0.052856439635656116 -3.489142607416894e-05 -10.46018610676899 2459303.9441680727 10.352 --
OOBoo_2021-04-25_0.pkl 0.03941232214473267 2.30158043658428e-05 6.89996437955671 2459329.7634123056 0.52 --
ROTSE1J135649.21+242927.1_2020-05-11_0.pkl 0.054008919616554074 3.647735314931253e-05 10.93563507014762 2458980.7521251007 -13.512 --
ROTSE1J135649.21+242927.1_2020-07-13_0.pkl 0.06708790254740249 8.599342517925807e-05 25.780179618381467 2459043.7004714618 -24.652 --
ROTSE1J135649.21+242927.1_2021-01-31_0.pkl 0.06086809176569741 0.00018097354339225062 54.25450195874413 2459245.9798285435 22.832 --
ROTSE1J135649.21+242927.1_2021-03-30_0.pkl 0.05795460276933184 -6.817661333277879e-05 -20.43883394373642 2459303.7725504544 3.648 --
ROTSE1J135649.21+242927.1_2021-04-01_0.pkl 0.06002782584449928 1.7300488943270725e-05 5.186555966501042 2459305.840761854 2.615 --
ROTSE1J135649.21+242927.1_2021-04-23_0.pkl 0.06175783210744745 1.9240721090172628e-05 5.768222915389523 2459327.8097646595 -6.669 --
ROTSE1J160518.19+372623.5_2021-02-01_0.pkl 0.04123645118955466 8.829363098130396e-06 2.646976395128102 2459247.022873824 16.626 --
ROTSE1J160518.19+372623.5_2021-03-31_0.pkl 0.05411787621828967 7.056326901565629e-05 21.15433529821269 2459304.8414209587 9.864 --
ROTSE1J160518.19+372623.5_2021-04-25_0.pkl 0.027651884334156662 3.823295240884749e-05 11.46195047338179 2459329.795909415 3.434 --
ROTSE1J160518.19+372623.5_2021-05-03_0.pkl 0.02751879807737989 0.000177707707978784 53.275429158844204 2459337.9628605177 0.836 #Bad_Fit
ROTSE1J172404.95+182937.3_2020-09-29_0.pkl 0.023660843333868087 0.00018755623875746296 56.22794432988478 2459121.62011876 -21.363 --
ROTSE1J172404.95+182937.3_2021-04-01_0.pkl 0.028083633593600776 5.2041780066394934e-05 15.6017327484657 2459305.9855441377 20.66 --
ROTSE1J172404.95+182937.3_2021-04-25_0.pkl 0.03812261437944775 0.00016561299206044894 49.64952464163254 2459329.8782247677 15.589 --
ROTSE1J183703.58+280017.1_2020-07-12_0.pkl 0.032357094062201774 0.00016642667148278025 49.893459589167826 2459042.898869104 -2.615 --
ROTSE1J183703.58+280017.1_2020-07-14_0.pkl 0.029240215941853887 0.00012536470641474006 37.58339247960564 2459044.76835353 -2.95 --
ROTSE1J183703.58+280017.1_2020-08-06_0.pkl 0.014071120547936466 0.00017558601646382028 52.63936206142902 2459067.803644929 -9.878 --
ROTSE1J183703.58+280017.1_2021-05-02_0.pkl 0.011683203986627255 0.00014558124429520848 43.64415790130907 2459336.927220773 16.464 #Bad_Fit
ROTSE1J184706.07+434032.7_2020-07-12_0.pkl 0.04570243805255414 -5.182771151147631e-05 -15.537556611918685 2459042.9316598275 -0.007 --
ROTSE1J184706.07+434032.7_2020-07-14_0.pkl 0.055437497055891516 -4.297747128876321e-05 -12.884321412462981 2459044.7912623514 -0.182 --
ROTSE1J184706.07+434032.7_2020-08-06_0.pkl 0.04099726981418561 -9.394543662925167e-05 -28.1641326134031 2459067.846334752 -4.855 --
ROTSE1J184706.07+434032.7_2020-09-28_0.pkl 0.04106936865251365 -1.0506337825544618e-05 -3.1497207572476937 2459120.6598898373 -11.722 --
ROTSE1J184706.07+434032.7_2020-11-22_0.pkl -0.006614439236875214 -5.07200462004774e-05 -15.205486914554312 2459175.562185617 -9.67 #Bad_Fit
V503Hya_2020-12-04_0.pkl 0.10253511342806698 -8.080069122707102e-05 -24.22343718465713 2459187.965318047 25.598 --
V503Hya_2021-02-01_0.pkl 0.11268628054136443 3.153360815304162e-05 9.453537645540324 2459246.8256940595 0.474 --
V503Hya_2021-03-31_0.pkl 0.15027623924523814 2.6017552435499844e-05 7.7998657876419655 2459304.719083785 -24.578 --
V503Hya_2020-11-22_0.pkl 0.12860661585715372 0.00020973136788960073 62.875880621474735 2459175.97989204 28.088 --
HD57267_2020-11-21_0.pkl 0.046313266103486406 0.0001766008890413011 52.94361319786981 2459174.9894228578 22.306 --
HD57267_2021-04-01_0.pkl 0.04490319342711402 8.017165404033514e-05 24.03485658530447 2459305.6867321976 -29.697 --
HRPsc_2020-08-06_0.pkl 0.08539535118193387 -9.836917677693553e-05 -29.490336510440606 2459067.9660359053 27.754 --
HRPsc_2020-08-07_0.pkl 0.10621639472476119 -1.1098136578338718e-06 -0.3327137555254781 2459068.8906739587 27.81 --
HRPsc_2020-09-03_0.pkl 0.094769295278188 -3.1098674309856046e-05 -9.323147763103803 2459095.9075323427 21.819 --
HRPsc_2020-09-27_0.pkl 0.10493198503797663 3.251286597044787e-05 9.747111745802195 2459119.8502658457 12.694 --
HRPsc_2020-11-21_0.pkl 0.10878434594007347 9.460506455225091e-05 28.361884084527453 2459174.762339307 -14.002 --
HRPsc_2020-11-22_0.pkl 0.09830116450695892 0.00014140906581700262 42.39337029349047 2459175.7281482243 -14.368 --
HRPsc_2020-12-04_0.pkl 0.06938604700565865 0.00014983902537444872 44.92060852261815 2459187.693261836 -19.367 --
HRPsc_2021-07-08_0.pkl 0.10630949952907809 -1.2144629918662505e-05 -3.640868357659133 2459403.949599094 27.626 --
HRPsc_2021-08-27_0.pkl 0.12254372797272683 -2.5708833376307598e-05 -7.707314144525027 2459453.902320075 23.962 --
HRPsc_2021-10-03_0.pkl 0.10364227921497582 7.591982565659457e-06 2.2760190537163347 2459490.9154397086 9.921 --
HUVir_2020-05-10_0.pkl 0.052033823230222875 0.00016533356859439413 49.56575559615647 2458979.7004218716 -19.74 --
HUVir_2021-01-31_0.pkl 0.03679229831394926 -0.00020986574518075133 -62.916165918813135 2459245.9533729968 24.736 --
HUVir_2021-03-30_0.pkl 0.0443554352871387 0.00016481247402290062 49.40953537788673 2459303.79537234 -0.986 --
HUVir_2021-04-01_0.pkl 0.08155243492418096 6.18277108166701e-05 18.53548090362103 2459305.752263983 -1.882 --
HUVir_2021-04-23_0.pkl 0.024100498221822253 -3.449765671940293e-05 -10.342137027168768 2459327.680295672 -12.5 --
HUVir_2021-04-24_0.pkl 0.04109961777326809 -6.984080579112478e-05 -20.937746278095485 2459328.731004195 -13.101 --
HUVir_2021-04-25_0.pkl 0.02275981386008752 -8.70497988696528e-05 -26.096872475140444 2459329.7373210415 -13.568 --
HUVir_2021-05-29_1.pkl 0.041920397162058975 0.0001536106350421712 46.05130862534836 2459363.6681375154 -25.483 --
HUVir_2021-05-30_0.pkl 0.04516775307843712 0.00021186075497065795 63.51425479150323 2459364.65690089 -25.697 --
HUVir_2021-12-14_0.pkl 0.039890857609147456 9.329823331775291e-05 27.970105947000775 2459563.0146970465 29.28 --
TYC1339-572-1_2020-11-21_0.pkl 0.09308704439925775 -1.0889501711023246e-05 -3.264590397226851 2459174.9712113612 19.824 --
TYC1339-572-1_2020-12-04_0.pkl 0.13809441606091788 -7.280741121790597e-05 -21.827112187173515 2459187.8340248982 14.595 --
TYC1339-572-1_2021-02-01_0.pkl 0.11330235338383554 7.546183543216095e-05 22.62288852570434 2459246.7297356594 -15.251 --
TYC1339-572-1_2021-03-31_0.pkl 0.10831094079084247 0.00013567207887760755 40.67346492331122 2459304.632709518 -29.935 --
RXJ1112.4+3950_2020-05-10_0.pkl 0.015185314083965284 -0.00021476346104256196 -64.3844641564292 2458979.6720792586 -24.551 #Bad_Fit
RXJ1112.4+3950_2020-07-13_0.pkl 0.05422162756676663 -0.00017314757451695323 -51.908335575994975 2459043.6293110363 -16.65 --
RXJ1112.4+3950_2020-07-14_0.pkl 0.05959958487284167 6.63334549055462e-05 19.886268963098217 2459044.6230532136 -16.33 --
RXJ1112.4+3950_2020-11-22_0.pkl 0.04919767062540803 -9.277767187473338e-05 -27.814045556622414 2459176.009393494 25.796 --
RXJ1112.4+3950_2020-12-04_0.pkl 0.06699115709105419 -6.56512973847196e-05 -19.681763288643683 2459187.979044886 25.374 --
RXJ1112.4+3950_2021-01-31_0.pkl 0.057042774968536936 -4.028510984580956e-05 -12.07717177919437 2459245.8731883643 9.272 --
RXJ1112.4+3950_2021-02-01_0.pkl 0.05284615202514864 -0.00024959750076382375 -74.82744626786359 2459246.868918375 8.858 --
RXJ1112.4+3950_2021-03-30_0.pkl 0.03413873717405691 2.1686251188208006e-05 6.5013743750282895 2459303.678836856 -14.975 --
RXJ1112.4+3950_2021-03-31_0.pkl 0.02524779894096829 -0.00023686249014303722 -71.00958623308198 2459304.777120433 -15.544 --
RXJ1112.4+3950_2021-04-23_0.pkl 0.044071205525091806 2.5343512528910606e-05 7.597793712647807 2459327.770660025 -22.064 --
RXJ1112.4+3950_2021-04-24_0.pkl 0.02653656535768567 8.60604189279301e-05 25.800263838430542 2459328.6601193347 -22.047 --
RXJ1112.4+3950_2021-04-24_1.pkl 0.04812162976946732 0.00010874698617146099 32.60152541445841 2459328.713381036 -22.16 --
RXJ1112.4+3950_2021-04-25_0.pkl 0.08085204938979595 8.824233512420112e-05 26.45438584060531 2459329.7220978015 -22.38 --
RXJ1112.4+3950_2021-12-14_0.pkl 0.03594018844104685 -0.00037107153421600997 -111.24444436787647 2459563.005086554 24.099 --
FASTT378_2020-12-04_0.pkl 0.06035723890559774 -0.0001194576084911151 -35.8124891206922 2459187.932353427 22.619 --
FASTT378_2021-03-31_0.pkl 0.059107137518908726 9.851944686421944e-05 29.535386348069164 2459304.6874059625 -25.698 --
54Cam_2020-11-22_0.pkl 0.0868580439509321 0.00019309428043019428 57.888207411155 2459175.951364381 18.356 --
54Cam_2020-12-04_0.pkl 0.1059013716552748 0.0002417637570626889 72.47894905102831 2459187.919520975 14.663 --
54Cam_2021-02-01_0.pkl 0.11092010989900025 0.00010437484632683156 31.290790898694336 2459246.8572014435 -9.406 --
54Cam_2021-04-01_0.pkl 0.08714489396349423 5.659882263454215e-05 16.967899704724847 2459305.6606046977 -23.994 --
54Cam_2021-04-23_0.pkl 0.09010192444466458 3.5893843762980224e-05 10.760703361621061 2459327.6337849433 -23.678 --
