[2459043.88967, -10.449, 0.111, 0.123, nan, nan, nan],
[2459045.94153, -25.542, 0.126, 0.134, nan, nan, nan],
[2459067.82869, -18.177, 0.138, 0.122, nan, nan, nan],
[2459068.84052, -2.803, 0.108, 0.098, nan, nan, nan],
[2459108.67919, -25.308, 0.123, 0.119, nan, nan, nan],
[2459119.70339, -21.755, 0.123, 0.126, nan, nan, nan],
[2459174.58104, 20.699, 0.123, 0.121, nan, nan, nan],
[2459175.58264, 32.198, 0.177, 0.159, nan, nan, nan],
[2459187.57121, 28.216, 0.138, 0.150, nan, nan, nan],
[2459403.83503, 12.543, 0.175, 0.192, nan, nan, nan],
[2459452.74128, -25.364, 0.127, 0.124, nan, nan, nan],
[2459491.72088, 8.428, 0.344, 0.367, nan, nan, nan]
