[2459043.88967, 17.640, 0.077, nan, nan],
[2459045.94153, 17.583, 0.070, nan, nan],
[2459067.82869, 17.735, 0.076, nan, nan],
[2459068.84052, 17.807, 0.088, nan, nan],
[2459108.67919, 17.816, 0.085, nan, nan],
[2459119.70339, 17.938, 0.082, nan, nan],
[2459174.58104, 17.416, 0.086, nan, nan],
[2459175.58264, 17.751, 0.077, nan, nan],
[2459187.57121, nan, nan, nan, nan],
[2459403.83503, 17.017, 0.064, nan, nan],
[2459452.74128, 17.883, 0.084, nan, nan],
[2459491.72088, 17.830, 0.304, nan, nan]
