[2459067.96604, 24.863, 0.126, nan, nan],
[2459068.89067, 22.922, 0.097, nan, nan],
[2459095.90753, 24.188, 0.151, nan, nan],
[2459119.85027, 22.929, 0.073, nan, nan],
[2459174.76234, 24.018, 0.118, nan, nan],
[2459175.72815, 25.298, 0.109, nan, nan],
[2459187.69326, 25.901, 0.127, nan, nan],
[2459403.94960, 25.840, 0.122, nan, nan],
[2459453.90232, 26.034, 0.113, nan, nan],
[2459490.91544, 25.835, 0.150, nan, nan],
[2459490.93452, nan, nan, nan, nan],
[2459491.79548, 23.122, 0.132, nan, nan]
