[2459067.96604, -5.174, 0.218, 0.234, nan, nan, nan],
[2459068.89067, 23.502, 0.165, 0.182, nan, nan, nan],
[2459095.90753, 7.273, 0.191, 0.170, nan, nan, nan],
[2459119.85027, 19.305, 0.164, 0.170, nan, nan, nan],
[2459174.76234, 14.761, 0.172, 0.185, nan, nan, nan],
[2459175.72815, 25.170, 0.228, 0.223, nan, nan, nan],
[2459187.69326, 20.860, 0.244, 0.228, nan, nan, nan],
[2459403.94960, 22.005, 0.364, 0.454, nan, nan, nan],
[2459453.90232, 12.711, 0.187, 0.178, nan, nan, nan],
[2459490.91544, 5.877, 0.202, 0.185, nan, nan, nan],
[2459490.93452, -0.620, 0.707, 0.667, nan, nan, nan],
[2459491.79548, -17.799, 0.185, 0.171, nan, nan, nan]
