[2458979.90060, -53.106, 0.083, 0.076, nan, nan, nan],
[2458979.91867, -52.959, 0.117, 0.118, nan, nan, nan],
[2458979.94347, -2.856, 0.153, 0.133, nan, nan, nan],
[2459042.76611, -0.542, 0.108, 0.117, nan, nan, nan],
[2459042.78463, -0.284, 0.120, 0.141, nan, nan, nan],
[2459042.80253, -0.189, 0.119, 0.115, nan, nan, nan],
[2459043.74751, -9.670, 0.128, 0.132, nan, nan, nan],
[2459043.76108, -10.152, 0.141, 0.138, nan, nan, nan],
[2459043.77503, -10.595, 0.129, 0.175, nan, nan, nan],
[2459045.86814, -52.541, 0.115, 0.136, nan, nan, nan],
[2459045.88680, -52.318, 0.123, 0.117, nan, nan, nan],
[2459045.90533, -52.101, 0.116, 0.107, nan, nan, nan],
[2459045.92112, -51.946, 0.129, 0.114, nan, nan, nan],
[2459067.71015, -37.613, 0.139, 0.133, nan, nan, nan],
[2459067.72635, -37.093, 0.156, 0.185, nan, nan, nan],
[2459067.74213, -36.567, 0.113, 0.137, nan, nan, nan],
[2459068.68494, -9.456, 0.127, 0.146, nan, nan, nan],
[2459068.69959, -9.075, 0.132, 0.128, nan, nan, nan],
[2459068.71558, -8.820, 0.152, 0.128, nan, nan, nan],
[2459122.73466, -1.309, 0.132, 0.141, nan, nan, nan],
[2459453.63842, -48.141, 0.140, 0.122, nan, nan, nan],
[2459491.67537, -18.957, 1.976, 2.145, nan, nan, nan],
[2459491.68951, -21.244, 0.148, 0.162, nan, nan, nan]
