[2458979.90060, nan, nan, nan, nan],
[2458979.91867, 4.145, 0.075, nan, nan],
[2458979.94347, 21.483, 0.130, nan, nan],
[2459042.76611, 21.492, 0.087, nan, nan],
[2459042.78463, 21.336, 0.092, nan, nan],
[2459042.80253, 21.302, 0.091, nan, nan],
[2459043.74751, 21.522, 0.088, nan, nan],
[2459043.76108, 21.511, 0.076, nan, nan],
[2459043.77503, 21.551, 0.077, nan, nan],
[2459045.86814, 21.372, 0.087, nan, nan],
[2459045.88680, 21.471, 0.084, nan, nan],
[2459045.90533, 21.499, 0.084, nan, nan],
[2459045.92112, 21.412, 0.089, nan, nan],
[2459067.71015, 21.146, 0.070, nan, nan],
[2459067.72635, 20.893, 0.063, nan, nan],
[2459067.74213, 20.923, 0.061, nan, nan],
[2459068.68494, 22.963, 0.080, nan, nan],
[2459068.69959, 23.021, 0.086, nan, nan],
[2459068.71558, 23.053, 0.068, nan, nan],
[2459122.73466, 20.884, 0.089, nan, nan],
[2459453.63842, 22.314, 0.073, nan, nan],
[2459491.67537, 19.242, 1.129, nan, nan],
[2459491.68951, 20.611, 0.086, nan, nan]
