[2459095.62030, 5.850, 0.078, 0.063, nan, nan, nan],
[2459120.58164, -13.980, 0.074, 0.073, nan, nan, nan],
[2459246.01890, -19.200, 0.090, 0.084, nan, nan, nan],
[2459304.86877, -50.249, 0.079, 0.075, nan, nan, nan],
[2459328.87736, 11.966, 0.083, 0.074, nan, nan, nan],
[2459329.81640, 15.600, 0.092, 0.084, nan, nan, nan],
[2459337.98118, -43.756, 0.054, 0.057, nan, nan, nan],
[2459403.68924, -19.347, 0.146, 0.190, nan, nan, nan],
[2459404.64277, -10.626, 0.091, 0.099, nan, nan, nan],
[2459452.66342, -4.343, 0.079, 0.059, nan, nan, nan],
[2459453.65391, 3.755, 0.084, 0.076, nan, nan, nan],
[2459491.59015, -27.219, 0.091, 0.076, nan, nan, nan]
