[2459095.62030, 9.736, 0.058, nan, nan],
[2459120.58164, 10.066, 0.042, nan, nan],
[2459246.01890, 10.646, 0.053, nan, nan],
[2459304.86877, 10.704, 0.054, nan, nan],
[2459328.87736, 10.662, 0.052, nan, nan],
[2459329.81640, 10.166, 0.047, nan, nan],
[2459337.98118, 10.291, 0.053, nan, nan],
[2459403.68924, 10.736, 0.061, nan, nan],
[2459404.64277, 10.485, 0.064, nan, nan],
[2459452.66342, 10.163, 0.064, nan, nan],
[2459453.65391, 10.091, 0.043, nan, nan],
[2459491.59015, 10.409, 0.087, nan, nan]
