[2458824.00826, 20.921, 0.187, 0.152, nan, nan, nan],
[2458979.70923, -7.010, 0.269, 0.246, nan, nan, nan],
[2459042.66419, -31.139, 0.193, 0.190, nan, nan, nan],
[2459187.99506, 49.340, 0.173, 0.190, nan, nan, nan],
[2459245.90859, -2.873, 0.172, 0.178, nan, nan, nan],
[2459246.93593, -35.660, 0.153, 0.160, nan, nan, nan],
[2459303.69981, -37.441, 0.201, 0.174, nan, nan, nan],
[2459304.79842, -14.058, 0.179, 0.182, nan, nan, nan],
[2459327.73456, -1.455, 0.238, 0.215, nan, nan, nan],
[2459328.74207, 35.810, 0.303, 0.274, nan, nan, nan],
[2459336.80118, -13.684, 0.229, 0.242, nan, nan, nan],
[2459363.67936, 50.079, 0.249, 0.247, nan, nan, nan],
[2459364.66578, 9.715, 0.283, 0.297, nan, nan, nan]
