[2458824.00826, 33.873, 0.139, nan, nan],
[2458979.70923, 31.048, 0.129, nan, nan],
[2459042.66419, 29.861, 0.088, nan, nan],
[2459187.99506, 31.215, 0.136, nan, nan],
[2459245.90859, 30.197, 0.104, nan, nan],
[2459246.93593, 30.470, 0.148, nan, nan],
[2459303.69981, 31.491, 0.164, nan, nan],
[2459304.79842, 31.899, 0.166, nan, nan],
[2459327.73456, 33.946, 0.186, nan, nan],
[2459328.74207, 30.763, 0.229, nan, nan],
[2459336.80118, 30.769, 0.142, nan, nan],
[2459363.67936, 32.247, 0.192, nan, nan],
[2459364.66578, 31.177, 0.170, nan, nan]
