BPSCS22950-0027
Avg RV: -22.11833333333333 km/s
RV STD: 16.5412725393853 km/s
Vsini: 12.315833333333336 km/s
Vsini STD: 0.44819003286056625 km/s
['Filename', 'BJD', 'BVCORR', 'RV', 'RV Upper Error', 'RV Lower Error', 'Vsini', 'Vsini Error', 'redshift'],
['BPSCS22950-0027_2019-10-13_0_4400_4.5.p', 2458769.5784142646, -28.887, -11.09, 0.08, -0.08, 12.18, 0.06, -3.6992259144618214e-05],
['BPSCS22950-0027_2020-07-12_0_4400_4.5.p', 2459042.8532181643, 6.757, -39.52, 0.09, -0.08, 12.36, 0.06, -0.0001318245339400642],
['BPSCS22950-0027_2020-08-06_0_4400_4.5.p', 2459067.788090351, -5.489, -29.75, 0.07, -0.06, 11.75, 0.06, -9.923532096955743e-05],
['BPSCS22950-0027_2020-08-07_0_4400_4.5.p', 2459068.823743169, -6.083, -16.08, 0.08, -0.07, 11.97, 0.08, -5.363710793917591e-05],
['BPSCS22950-0027_2020-09-03_0_4400_4.5.p', 2459095.748419986, -18.224, 11.84, 0.09, -0.11, 11.78, 0.07, 3.9493989925363364e-05],
['BPSCS22950-0027_2020-10-02_0_4400_4.5.p', 2459124.636857824, -27.202, -39.55, 0.11, -0.09, 12.01, 0.07, -0.000131924603171294],
['BPSCS22950-0027_2020-11-22_0_4400_4.5.p', 2459175.543755937, -27.013, -0.18, 0.13, -0.11, 13.03, 0.06, -6.004153873788349e-07],
['BPSCS22950-0027_2021-07-08_0_4400_4.5.p', 2459403.816556142, 8.918, -17.76, 0.14, -0.15, 12.95, 0.06, -5.924098488804505e-05],
['BPSCS22950-0027_2021-07-09_0_4400_4.5.p', 2459404.9150070576, 8.156, -32.1, 0.1, -0.1, 12.92, 0.07, -0.00010707407741589223],
['BPSCS22950-0027_2021-08-26_0_4400_4.5.p', 2459452.7243347345, -14.635, -38.88, 0.08, -0.07, 12.14, 0.05, -0.00012968972367382835],
['BPSCS22950-0027_2021-08-27_0_4400_4.5.p', 2459453.708919503, -15.031, -40.2, 0.08, -0.08, 11.99, 0.06, -0.0001340927698479398],
['BPSCS22950-0027_2021-10-04_0_4400_4.5.p', 2459491.650094238, -27.618, -12.15, 0.09, -0.08, 12.71, 0.07, -4.052803864807136e-05]

