CGTri
Avg RV: 28.301666666666666 km/s
RV STD: 30.481734649166906 km/s
Vsini: 48.35750000000001 km/s
Vsini STD: 6.767446742802389 km/s
['Filename', 'BJD', 'BVCORR', 'RV', 'RV Upper Error', 'RV Lower Error', 'Vsini', 'Vsini Error', 'redshift'],
['CGTri_2020-08-07_0_4900_4.5.p', 2459068.90819192, 27.924, 66.43, 0.37, -0.35, 48.48, 0.29, 0.00022158663435320003],
['CGTri_2020-09-03_0_4900_4.5.p', 2459095.9211730766, 25.061, -11.64, 0.39, -0.39, 51.9, 0.28, -3.8826861717164656e-05],
['CGTri_2020-09-27_0_4900_4.5.p', 2459119.86449695, 18.183, 49.05, 0.31, -0.36, 50.84, 0.33, 0.0001636131930607325],
['CGTri_2020-09-29_0_4900_4.5.p', 2459121.8307058886, 17.518, 64.24, 0.59, -0.56, 49.6, 0.37, 0.00021428158047342416],
['CGTri_2020-11-21_0_4900_4.5.p', 2459174.7838973035, -7.114, 64.0, 0.5, -0.48, 51.51, 0.31, 0.00021348102662358575],
['CGTri_2020-11-22_0_4900_4.5.p', 2459175.7416288285, -7.496, 64.84, 0.4, -0.43, 51.73, 0.33, 0.0002162829650980203],
['CGTri_2020-12-05_0_4900_4.5.p', 2459188.695795254, -13.476, 25.68, 0.41, -0.39, 51.44, 0.26, 8.565926193271377e-05],
['CGTri_2021-07-08_0_4900_4.5.p', 2459403.9596720603, 24.31, -9.95, 0.37, -0.49, 46.13, 0.33, -3.318962835788559e-05],
['CGTri_2021-08-27_0_4900_4.5.p', 2459453.914242647, 26.403, -9.33, 0.31, -0.3, 49.67, 0.19, -3.112153091246961e-05],
['CGTri_2021-10-03_0_4900_4.5.p', 2459490.914679911, 15.879, 12.05, 0.18, -0.19, 26.62, 0.13, 4.0194474543972004e-05],
['CGTri_2021-10-03_1_4900_4.5.p', 2459490.9337606695, 15.834, 5.22, 0.58, -0.58, 49.9, 0.4, 1.7412046233986212e-05],
['CGTri_2021-10-04_0_4900_4.5.p', 2459491.9581753267, 15.379, 19.03, 0.43, -0.53, 52.47, 0.38, 6.347724901010682e-05]

