EPCVn
Avg RV: 22.715833333333336 km/s
RV STD: 30.58203433889831 km/s
Vsini: 10.956666666666665 km/s
Vsini STD: 0.3841729934403106 km/s
['Filename', 'BJD', 'BVCORR', 'RV', 'RV Upper Error', 'RV Lower Error', 'Vsini', 'Vsini Error', 'redshift'],
['EPCVn_2020-05-10_0_4400_4.5.p', 2458979.724271754, -19.85, 53.26, 0.09, -0.1, 10.71, 0.11, 0.00017765624184331525],
['EPCVn_2020-07-12_0_4400_4.5.p', 2459042.647798141, -17.226, 38.78, 0.09, -0.1, 11.21, 0.1, 0.000129356159569729],
['EPCVn_2020-07-14_0_4400_4.5.p', 2459044.643953625, -16.782, -11.52, 0.1, -0.09, 10.76, 0.09, -3.842658479224543e-05],
['EPCVn_2021-01-31_0_4400_4.5.p', 2459245.8906184826, 11.673, 39.64, 0.09, -0.09, 10.69, 0.11, 0.00013222481086498343],
['EPCVn_2021-02-01_0_4400_4.5.p', 2459246.9166126545, 11.286, 22.12, 0.1, -0.08, 10.53, 0.08, 7.378437982677683e-05],
['EPCVn_2021-03-30_0_4400_4.5.p', 2459303.747850439, -9.471, 9.21, 0.1, -0.08, 12.01, 0.1, 3.0721253987550385e-05],
['EPCVn_2021-04-01_0_4400_4.5.p', 2459305.7978898776, -10.247, 58.19, 0.09, -0.11, 10.73, 0.1, 0.00019410095217541333],
['EPCVn_2021-04-23_0_4400_4.5.p', 2459327.751960814, -16.548, 47.51, 0.09, -0.09, 11.01, 0.11, 0.00015847630585760246],
['EPCVn_2021-04-24_0_4400_4.5.p', 2459328.760553798, -16.801, 24.64, 0.09, -0.08, 11.16, 0.08, 8.219019525008052e-05],
['EPCVn_2021-05-02_0_4400_4.5.p', 2459336.818604055, -18.61, 49.99, 0.09, -0.1, 10.72, 0.12, 0.00016674869563926644],
['EPCVn_2021-05-29_0_4400_4.5.p', 2459363.692212643, -21.518, -41.72, 0.08, -0.07, 11.19, 0.1, -0.00013916294423024994],
['EPCVn_2021-05-30_0_4400_4.5.p', 2459364.6804055814, -21.532, -17.51, 0.09, -0.09, 10.76, 0.09, -5.8407074627796664e-05]

