FNCom
Avg RV: 1.727692307692307 km/s
RV STD: 28.825952557173242 km/s
Vsini: 31.442307692307693 km/s
Vsini STD: 1.2283644776453064 km/s
['Filename', 'BJD', 'BVCORR', 'RV', 'RV Upper Error', 'RV Lower Error', 'Vsini', 'Vsini Error', 'redshift'],
['FNCom_2019-12-06_0_4500_4.5.p', 2458824.008255289, 28.136, 20.91, 0.19, -0.16, 33.87, 0.14, 6.974825416717465e-05],
['FNCom_2020-05-10_0_4500_4.5.p', 2458979.709228956, -22.157, -7.03, 0.3, -0.22, 31.05, 0.13, -2.3449556518184497e-05],
['FNCom_2020-07-12_0_4500_4.5.p', 2459042.664186903, -25.846, -31.14, 0.2, -0.2, 29.86, 0.09, -0.00010387186201653844],
['FNCom_2020-12-04_0_4500_4.5.p', 2459187.9950586716, 28.008, 49.31, 0.18, -0.19, 31.23, 0.14, 0.00016448045973139084],
['FNCom_2021-01-31_0_4500_4.5.p', 2459245.9085900737, 20.601, -2.88, 0.19, -0.19, 30.2, 0.1, -9.606646198061358e-06],
['FNCom_2021-02-01_0_4500_4.5.p', 2459246.935931229, 20.169, -35.67, 0.15, -0.18, 30.47, 0.15, -0.00011898231593223912],
['FNCom_2021-03-30_0_4500_4.5.p', 2459303.69980668, -5.522, -37.42, 0.21, -0.18, 31.48, 0.16, -0.0001248196877539778],
['FNCom_2021-03-31_0_4500_4.5.p', 2459304.7984247725, -6.272, -14.07, 0.18, -0.19, 31.89, 0.17, -4.6932469446778926e-05],
['FNCom_2021-04-23_0_4500_4.5.p', 2459327.734561821, -16.272, -1.46, 0.22, -0.22, 33.94, 0.19, -4.870035919850549e-06],
['FNCom_2021-04-24_0_4500_4.5.p', 2459328.7420666446, -16.681, 35.84, 0.29, -0.32, 30.52, 0.23, 0.00011954937490920802],
['FNCom_2021-05-02_0_4500_4.5.p', 2459336.801178159, -19.754, -13.71, 0.27, -0.24, 30.77, 0.14, -4.573163867202126e-05],
['FNCom_2021-05-29_0_4500_4.5.p', 2459363.6793610486, -26.373, 50.05, 0.25, -0.25, 32.29, 0.17, 0.00016694883410172602],
['FNCom_2021-05-30_0_4500_4.5.p', 2459364.665780637, -26.499, 9.73, 0.25, -0.27, 31.18, 0.17, 3.245578732886702e-05]

