HRPsc
Avg RV: 11.675454545454544 km/s
RV STD: 12.756221557724373 km/s
Vsini: 24.66 km/s
Vsini STD: 1.2095528850853035 km/s
['Filename', 'BJD', 'BVCORR', 'RV', 'RV Upper Error', 'RV Lower Error', 'Vsini', 'Vsini Error', 'redshift'],
['HRPsc_2020-08-06_0_4400_4.5.p', 2459067.9660359053, 27.754, -5.19, 0.25, -0.2, 24.86, 0.13, -1.7311977002756408e-05],
['HRPsc_2020-08-07_0_4400_4.5.p', 2459068.8906739587, 27.81, 23.48, 0.16, -0.14, 22.92, 0.1, 7.832085164252802e-05],
['HRPsc_2020-09-03_0_4400_4.5.p', 2459095.9075323427, 21.819, 7.27, 0.19, -0.15, 24.19, 0.15, 2.425011036802294e-05],
['HRPsc_2020-09-27_0_4400_4.5.p', 2459119.8502658457, 12.694, 19.3, 0.18, -0.17, 22.93, 0.07, 6.437787209117508e-05],
['HRPsc_2020-11-21_0_4400_4.5.p', 2459174.762339307, -14.002, 14.76, 0.19, -0.19, 24.12, 0.11, 4.923406176506446e-05],
['HRPsc_2020-11-22_0_4400_4.5.p', 2459175.7281482243, -14.368, 25.16, 0.24, -0.24, 25.3, 0.11, 8.392472859139714e-05],
['HRPsc_2020-12-04_0_4400_4.5.p', 2459187.693261836, -19.367, 20.87, 0.23, -0.23, 25.9, 0.13, 6.961482852553491e-05],
['HRPsc_2021-07-08_0_4400_4.5.p', 2459403.949599094, 27.626, 22.02, 0.43, -0.49, 25.84, 0.12, 7.345081572267747e-05],
['HRPsc_2021-08-27_0_4400_4.5.p', 2459453.902320075, 23.962, 12.71, 0.17, -0.19, 26.03, 0.11, 4.239599763102773e-05],
['HRPsc_2021-10-03_0_4400_4.5.p', 2459490.9154397086, 9.921, 5.89, 0.2, -0.21, 26.05, 0.14, 1.9646925731451874e-05],
['HRPsc_2021-10-04_0_4400_4.5.p', 2459491.7954840045, 9.769, -17.84, 0.2, -0.17, 23.12, 0.13, -5.950783617132453e-05]

