KYBoo
Avg RV: -50.284 km/s
RV STD: 0.2841900772370487 km/s
Vsini: 15.039999999999997 km/s
Vsini STD: 0.4607168327725826 km/s
['Filename', 'BJD', 'BVCORR', 'RV', 'RV Upper Error', 'RV Lower Error', 'Vsini', 'Vsini Error', 'redshift'],
['KYBoo_2020-07-12_0_4600_4.5.p', 2459042.741180837, -17.252, -49.63, 0.11, -0.12, 15.23, 0.07, -0.00016554786486450878],
['KYBoo_2020-07-14_0_4600_4.5.p', 2459044.671529504, -17.089, -50.49, 0.11, -0.12, 15.22, 0.06, -0.0001684165161597632],
['KYBoo_2021-01-31_0_4600_4.5.p', 2459246.0025634877, 15.429, -50.51, 0.08, -0.07, 14.13, 0.05, -0.00016848322898058306],
['KYBoo_2021-03-30_0_4600_4.5.p', 2459303.8475400517, 1.143, -49.99, 0.08, -0.08, 14.41, 0.05, -0.00016674869563926644],
['KYBoo_2021-03-31_0_4600_4.5.p', 2459304.8226174116, 0.892, -50.64, 0.09, -0.08, 15.92, 0.07, -0.00016891686231591222],
['KYBoo_2021-04-24_0_4600_4.5.p', 2459328.7960608476, -6.157, -50.34, 0.09, -0.09, 15.05, 0.06, -0.00016791617000361418],
['KYBoo_2021-04-25_0_4600_4.5.p', 2459329.8361092946, -6.517, -50.12, 0.12, -0.11, 15.11, 0.06, -0.00016718232897459557],
['KYBoo_2021-05-30_0_4600_4.5.p', 2459364.710044033, -14.232, -50.43, 0.13, -0.13, 15.26, 0.08, -0.00016821637769730359],
['KYBoo_2021-07-08_0_4600_4.5.p', 2459403.7466507074, -17.373, -50.26, 0.19, -0.2, 15.06, 0.06, -0.00016764931872033468],
['KYBoo_2021-07-09_0_4600_4.5.p', 2459404.6607765937, -17.238, -50.43, 0.14, -0.15, 15.01, 0.05, -0.00016821637769730359]

