TYC2268-394-1
Avg RV: -11.931818181818182 km/s
RV STD: 40.298751349521716 km/s
Vsini: 77.96818181818182 km/s
Vsini STD: 1.8210227804566697 km/s
['Filename', 'BJD', 'BVCORR', 'RV', 'RV Upper Error', 'RV Lower Error', 'Vsini', 'Vsini Error', 'redshift'],
['TYC2268-394-1_2020-08-07_0_4500_4.5.p', 2459068.8720851215, 22.897, -47.51, 1.0, -1.04, 76.3, 0.3, -0.00015847630585760246],
['TYC2268-394-1_2020-09-03_0_4500_4.5.p', 2459095.8087713434, 15.464, -60.45, 0.76, -0.88, 75.84, 0.26, -0.00020163950092805873],
['TYC2268-394-1_2020-09-16_0_4500_4.5.p', 2459108.760689101, 10.631, -71.55, 1.0, -1.12, 79.79, 0.28, -0.00023866511648308687],
['TYC2268-394-1_2020-09-28_0_4500_4.5.p', 2459120.763618648, 5.519, 26.3, 0.89, -1.08, 78.21, 0.53, 8.772735937812976e-05],
['TYC2268-394-1_2020-11-21_0_4500_4.5.p', 2459174.744448222, -17.596, -28.54, 0.65, -0.82, 76.4, 0.27, -9.519919530995527e-05],
['TYC2268-394-1_2020-12-05_0_4500_4.5.p', 2459188.598578787, -21.656, 44.82, 0.97, -1.12, 81.32, 0.42, 0.0001495034314573299],
['TYC2268-394-1_2021-07-08_0_4500_4.5.p', 2459403.9108244404, 25.694, 25.11, 0.78, -1.08, 78.99, 0.33, 8.375794653934746e-05],
['TYC2268-394-1_2021-08-26_0_4500_4.5.p', 2459452.9499941245, 17.893, 11.35, 0.74, -0.76, 76.01, 0.26, 3.785952581527653e-05],
['TYC2268-394-1_2021-10-03_0_4500_4.5.p', 2459490.8758281567, 3.165, -33.9, 0.78, -0.82, 77.85, 0.39, -0.00011307823128968057],
['TYC2268-394-1_2021-10-04_0_4500_4.5.p', 2459491.9413981456, 2.599, -36.98, 0.86, -0.76, 76.64, 0.28, -0.00012335200569594062],
['TYC2268-394-1_2021-11-21_0_4500_4.5.p', 2459539.793188807, -17.569, 40.1, 1.14, -1.22, 80.3, 0.41, 0.00013375920574384045]

