TYC3557-919-1
Avg RV: -1.1320000000000001 km/s
RV STD: 17.380273760789848 km/s
Vsini: 7.803999999999999 km/s
Vsini STD: 0.13972830779766843 km/s
['Filename', 'BJD', 'BVCORR', 'RV', 'RV Upper Error', 'RV Lower Error', 'Vsini', 'Vsini Error', 'redshift'],
['TYC3557-919-1_2020-07-12_0_4600_4.5.p', 2459042.9505076474, 5.132, -17.46, 0.1, -0.1, 7.76, 0.04, -5.824029257574699e-05],
['TYC3557-919-1_2020-07-14_0_4600_4.5.p', 2459044.8390301713, 4.941, 6.64, 0.07, -0.07, 8.03, 0.06, 2.2148656512197018e-05],
['TYC3557-919-1_2020-08-06_0_4600_4.5.p', 2459067.7663689395, 0.489, 23.73, 0.06, -0.06, 7.72, 0.04, 7.91547619027764e-05],
['TYC3557-919-1_2020-09-27_0_4600_4.5.p', 2459119.681461219, -9.177, -25.55, 0.07, -0.06, 8.04, 0.06, -8.522562859738462e-05],
['TYC3557-919-1_2020-11-21_0_4600_4.5.p', 2459174.5613350007, -12.249, -29.25, 0.04, -0.04, 7.68, 0.04, -9.756750044906067e-05],
['TYC3557-919-1_2020-12-04_0_4600_4.5.p', 2459187.551451171, -11.413, 6.94, 0.1, -0.09, 7.9, 0.07, 2.314934882449508e-05],
['TYC3557-919-1_2021-07-08_0_4600_4.5.p', 2459403.788070508, 6.18, -10.65, 0.11, -0.12, 7.84, 0.04, -3.5524577086581064e-05],
['TYC3557-919-1_2021-08-26_0_4600_4.5.p', 2459452.7046704134, -3.458, 7.53, 0.06, -0.06, 7.77, 0.05, 2.5117377038681262e-05],
['TYC3557-919-1_2021-08-27_0_4600_4.5.p', 2459453.6935589705, -3.638, 17.68, 0.08, -0.08, 7.6, 0.03, 5.897413360476556e-05],
['TYC3557-919-1_2021-10-04_0_4600_4.5.p', 2459491.664947369, -10.075, 9.07, 0.08, -0.07, 7.7, 0.05, 3.0254264241811292e-05]

