TYC4422-1970-1
Avg RV: -24.225882352941177 km/s
RV STD: 27.425588107549906 km/s
Vsini: 27.358235294117648 km/s
Vsini STD: 0.8558534460450961 km/s
['Filename', 'BJD', 'BVCORR', 'RV', 'RV Upper Error', 'RV Lower Error', 'Vsini', 'Vsini Error', 'redshift'],
['TYC4422-1970-1_2020-05-10_0_5300_4.5.p', 2458979.7952797115, -5.448, -54.67, 0.12, -0.11, 26.06, 0.1, -0.00018235949571111614],
['TYC4422-1970-1_2020-05-10_1_5300_4.5.p', 2458979.8129725745, -5.463, -54.04, 0.13, -0.12, 26.39, 0.09, -0.0001802580418552902],
['TYC4422-1970-1_2020-05-10_2_5300_4.5.p', 2458979.8292262265, -5.477, -53.4, 0.18, -0.18, 26.25, 0.09, -0.00017812323158905436],
['TYC4422-1970-1_2020-05-11_0_5300_4.5.p', 2458980.8034824487, -5.471, -12.45, 0.31, -0.27, 28.78, 0.1, -4.1528730960369415e-05],
['TYC4422-1970-1_2020-05-11_1_5300_4.5.p', 2458980.8280454287, -5.492, -11.31, 0.3, -0.26, 28.63, 0.09, -3.772610017363679e-05],
['TYC4422-1970-1_2020-05-11_2_5300_4.5.p', 2458980.846644858, -5.508, -10.8, 0.24, -0.22, 28.63, 0.12, -3.6024923242730096e-05],
['TYC4422-1970-1_2020-07-13_0_5300_4.5.p', 2459043.650549188, -3.354, -62.81, 0.17, -0.17, 26.59, 0.06, -0.00020951161378480345],
['TYC4422-1970-1_2020-07-13_1_5300_4.5.p', 2459043.6659787158, -3.366, -62.6, 0.15, -0.14, 26.65, 0.07, -0.00020881112916619482],
['TYC4422-1970-1_2020-07-13_2_5300_4.5.p', 2459043.6820562105, -3.378, -62.44, 0.14, -0.13, 26.69, 0.05, -0.00020827742659963584],
['TYC4422-1970-1_2020-07-15_0_5300_4.5.p', 2459045.6906418707, -3.241, 13.1, 0.16, -0.18, 27.86, 0.09, 4.3696897637015204e-05],
['TYC4422-1970-1_2020-07-15_1_5300_4.5.p', 2459045.7094689836, -3.255, 13.46, 0.17, -0.15, 27.71, 0.08, 4.489772841177288e-05],
['TYC4422-1970-1_2020-07-15_2_5300_4.5.p', 2459045.7280117236, -3.267, 13.81, 0.17, -0.16, 27.83, 0.0, 4.6065202776120616e-05],
['TYC4422-1970-1_2020-08-07_0_5300_4.5.p', 2459068.629577558, -1.311, -11.68, 0.18, -0.18, 26.98, 0.07, -3.8960287358804395e-05],
['TYC4422-1970-1_2020-08-07_1_5300_4.5.p', 2459068.6468817317, -1.323, -12.67, 0.16, -0.17, 26.93, 0.07, -4.226257198938799e-05],
['TYC4422-1970-1_2020-08-07_2_5300_4.5.p', 2459068.665050264, -1.336, -13.41, 0.14, -0.16, 27.12, 0.06, -4.47309463597232e-05],
['TYC4422-1970-1_2021-08-27_0_5300_4.5.p', 2459453.6192702493, 0.485, -1.31, 0.18, -0.18, 28.08, 0.16, -4.369689763701521e-06],
['TYC4422-1970-1_2021-10-04_0_5300_4.5.p', 2459491.623050899, 3.67, -28.62, 0.23, -0.25, 27.91, 0.12, -9.546604659323475e-05]

