TYC4223-399-1
Avg RV: -22.6295 km/s
RV STD: 20.17336820538405 km/s
Vsini: 21.5635 km/s
Vsini STD: 0.7001662302624999 km/s
['Filename', 'BJD', 'BVCORR', 'RV', 'RV Upper Error', 'RV Lower Error', 'Vsini', 'Vsini Error', 'redshift'],
['TYC4223-399-1_2020-05-10_2_4800_4.5.p', 2458979.9434714452, 2.56, -2.86, 0.16, -0.15, 20.95, 0.15, -9.539933377241487e-06],
['TYC4223-399-1_2020-07-12_0_4800_4.5.p', 2459042.766113246, 2.169, -0.52, 0.11, -0.13, 21.41, 0.09, -1.7345333413166343e-06],
['TYC4223-399-1_2020-07-12_1_4800_4.5.p', 2459042.784625996, 2.149, -0.3, 0.14, -0.13, 21.47, 0.08, -1.000692312298058e-06],
['TYC4223-399-1_2020-07-12_2_4800_4.5.p', 2459042.8025277676, 2.129, -0.18, 0.12, -0.13, 21.3, 0.09, -6.004153873788349e-07],
['TYC4223-399-1_2020-07-13_0_4800_4.5.p', 2459043.7475127634, 2.158, -9.67, 0.14, -0.15, 21.52, 0.09, -3.225564886640741e-05],
['TYC4223-399-1_2020-07-13_1_4800_4.5.p', 2459043.7610831624, 2.143, -10.15, 0.15, -0.16, 21.51, 0.08, -3.38567565660843e-05],
['TYC4223-399-1_2020-07-13_2_4800_4.5.p', 2459043.7750277068, 2.127, -10.63, 0.16, -0.16, 21.55, 0.08, -3.5457864265761195e-05],
['TYC4223-399-1_2020-07-15_0_4800_4.5.p', 2459045.868142627, 1.965, -52.56, 0.13, -0.12, 21.37, 0.09, -0.0001753212931146198],
['TYC4223-399-1_2020-07-15_1_4800_4.5.p', 2459045.886795065, 1.95, -52.31, 0.12, -0.12, 21.47, 0.08, -0.00017448738285437141],
['TYC4223-399-1_2020-07-15_2_4800_4.5.p', 2459045.9053332647, 1.936, -52.11, 0.12, -0.1, 21.5, 0.08, -0.0001738202546461727],
['TYC4223-399-1_2020-07-15_3_4800_4.5.p', 2459045.9211236215, 1.926, -51.95, 0.12, -0.13, 21.43, 0.09, -0.00017328655207961375],
['TYC4223-399-1_2020-08-06_0_4800_4.5.p', 2459067.710151641, 1.261, -37.63, 0.15, -0.12, 21.15, 0.07, -0.00012552017237258645],
['TYC4223-399-1_2020-08-06_1_4800_4.5.p', 2459067.726354962, 1.243, -37.09, 0.17, -0.17, 20.89, 0.06, -0.00012371892621044993],
['TYC4223-399-1_2020-08-06_2_4800_4.5.p', 2459067.742130792, 1.226, -36.57, 0.14, -0.14, 20.92, 0.06, -0.00012198439286913329],
['TYC4223-399-1_2020-08-07_0_4800_4.5.p', 2459068.6849390627, 1.245, -9.47, 0.14, -0.13, 22.96, 0.08, -3.15885206582087e-05],
['TYC4223-399-1_2020-08-07_1_4800_4.5.p', 2459068.6995949107, 1.229, -9.09, 0.12, -0.13, 23.02, 0.09, -3.032097706263116e-05],
['TYC4223-399-1_2020-08-07_2_4800_4.5.p', 2459068.715576377, 1.211, -8.8, 0.15, -0.14, 23.05, 0.07, -2.9353641160743043e-05],
['TYC4223-399-1_2020-09-30_0_4800_4.5.p', 2459122.7346600164, -1.421, -1.3, 0.13, -0.14, 20.88, 0.09, -4.336333353291586e-06],
['TYC4223-399-1_2021-08-27_0_4800_4.5.p', 2459453.6384152747, 0.351, -48.14, 0.15, -0.15, 22.31, 0.07, -0.00016057775971342841],
['TYC4223-399-1_2021-10-04_1_4800_4.5.p', 2459491.68950639, -1.562, -21.26, 0.15, -0.15, 20.61, 0.09, -7.091572853152239e-05]

