TYC583-566-1
Avg RV: 9.18 km/s
RV STD: 41.160745642155 km/s
Vsini: 50.1409090909091 km/s
Vsini STD: 0.7857880184358603 km/s
['Filename', 'BJD', 'BVCORR', 'RV', 'RV Upper Error', 'RV Lower Error', 'Vsini', 'Vsini Error', 'redshift'],
['TYC583-566-1_2020-07-13_0_4500_4.5.p', 2459043.930529836, 25.324, -21.61, 0.36, -0.38, 49.44, 0.1, -7.208320289587012e-05],
['TYC583-566-1_2020-07-15_0_4500_4.5.p', 2459045.9593905336, 24.754, 57.26, 0.42, -0.4, 49.25, 0.21, 0.00019099880600728937],
['TYC583-566-1_2020-08-06_0_4500_4.5.p', 2459067.887311965, 17.777, 68.89, 0.34, -0.39, 50.29, 0.29, 0.00022979231131404408],
['TYC583-566-1_2020-08-07_0_4500_4.5.p', 2459068.8584649046, 17.47, 0.85, 0.38, -0.37, 51.11, 0.26, 2.835294884844498e-06],
['TYC583-566-1_2020-11-21_0_4500_4.5.p', 2459174.620868378, -27.433, -26.08, 0.39, -0.4, 50.73, 0.27, -8.699351834911119e-05],
['TYC583-566-1_2020-12-04_0_4500_4.5.p', 2459187.613369612, -29.457, -34.98, 0.44, -0.55, 50.74, 0.32, -0.00011668072361395358],
['TYC583-566-1_2021-07-08_0_4500_4.5.p', 2459403.8776693135, 26.629, 48.4, 0.41, -0.43, 49.54, 0.26, 0.00016144502638408673],
['TYC583-566-1_2021-07-09_0_4500_4.5.p', 2459404.9440175523, 26.255, 65.44, 0.33, -0.34, 49.62, 0.23, 0.0002182843497226164],
['TYC583-566-1_2021-08-26_0_4500_4.5.p', 2459452.8763845963, 9.234, -34.68, 0.39, -0.37, 50.92, 0.29, -0.00011568003130165553],
['TYC583-566-1_2021-08-27_0_4500_4.5.p', 2459453.9558960223, 8.555, 12.05, 0.31, -0.32, 48.83, 0.22, 4.0194474543972004e-05],
['TYC583-566-1_2021-10-03_0_4500_4.5.p', 2459490.7934018737, -9.395, -34.56, 0.4, -0.38, 51.08, 0.26, -0.00011527975437673631]

