V498And
Avg RV: -4.627272727272726 km/s
RV STD: 22.36291617465644 km/s
Vsini: 9.049090909090909 km/s
Vsini STD: 0.26888505639718807 km/s
['Filename', 'BJD', 'BVCORR', 'RV', 'RV Upper Error', 'RV Lower Error', 'Vsini', 'Vsini Error', 'redshift'],
['V498And_2020-08-06_0_4600_4.5.p', 2459067.93753886, 22.926, 19.84, 0.06, -0.06, 9.33, 0.08, 6.617911825331158e-05],
['V498And_2020-09-03_0_4600_4.5.p', 2459095.821276525, 17.59, 18.89, 0.08, -0.08, 9.07, 0.06, 6.301025926436773e-05],
['V498And_2020-09-04_0_4600_4.5.p', 2459096.894214588, 17.157, 21.7, 0.07, -0.07, 8.79, 0.07, 7.238341058955953e-05],
['V498And_2020-09-29_0_4600_4.5.p', 2459121.757841243, 8.913, -17.69, 0.05, -0.05, 9.19, 0.04, -5.90074900151755e-05],
['V498And_2020-11-21_0_4600_4.5.p', 2459174.769365179, -12.83, -31.67, 0.06, -0.06, 9.2, 0.07, -0.00010563975176826501],
['V498And_2020-12-05_0_4600_4.5.p', 2459188.5649004746, -17.207, 11.84, 0.08, -0.08, 9.22, 0.06, 3.9493989925363364e-05],
['V498And_2021-07-08_0_4600_4.5.p', 2459403.9225947405, 23.385, 19.7, 0.31, -0.34, 9.06, 0.07, 6.571212850757249e-05],
['V498And_2021-08-27_0_4600_4.5.p', 2459453.875187904, 19.374, -16.88, 0.07, -0.06, 9.09, 0.05, -5.630562077197074e-05],
['V498And_2021-10-03_0_4600_4.5.p', 2459490.894370947, 7.171, -10.34, 0.06, -0.06, 8.98, 0.04, -3.449052836387307e-05],
['V498And_2021-10-04_0_4600_4.5.p', 2459491.7759628003, 7.019, -26.74, 0.09, -0.07, 8.33, 0.05, -8.919504143616692e-05],
['V498And_2021-11-21_0_4600_4.5.p', 2459539.810521636, -12.78, -39.55, 0.08, -0.08, 9.28, 0.05, -0.000131924603171294]

