ASASJ210323+1930.9
Avg RV: -3.2509090909090905 km/s
RV STD: 21.651422566971295 km/s
Vsini: 17.612727272727273 km/s
Vsini STD: 0.28964212743223516 km/s
['Filename', 'BJD', 'BVCORR', 'RV', 'RV Upper Error', 'RV Lower Error', 'Vsini', 'Vsini Error', 'redshift'],
['ASASJ210323+1930.9_2020-07-13_0_4600_4.5.p', 2459043.8896664833, 13.401, -10.45, 0.1, -0.11, 17.64, 0.08, -3.4857448878382356e-05],
['ASASJ210323+1930.9_2020-07-15_0_4600_4.5.p', 2459045.941527558, 12.573, -25.54, 0.12, -0.13, 17.58, 0.07, -8.519227218697468e-05],
['ASASJ210323+1930.9_2020-08-06_0_4600_4.5.p', 2459067.828689968, 4.41, -18.17, 0.12, -0.13, 17.74, 0.08, -6.06085977148524e-05],
['ASASJ210323+1930.9_2020-08-07_0_4600_4.5.p', 2459068.8405245664, 3.97, -2.8, 0.11, -0.11, 17.82, 0.09, -9.339794914781875e-06],
['ASASJ210323+1930.9_2020-09-16_0_4600_4.5.p', 2459108.679192602, -11.883, -25.31, 0.12, -0.13, 17.82, 0.08, -8.442507474754617e-05],
['ASASJ210323+1930.9_2020-09-27_0_4600_4.5.p', 2459119.703392292, -15.848, -21.74, 0.11, -0.12, 17.94, 0.08, -7.251683623119927e-05],
['ASASJ210323+1930.9_2020-11-21_0_4600_4.5.p', 2459174.5810357854, -24.949, 20.7, 0.11, -0.12, 17.42, 0.09, 6.904776954856602e-05],
['ASASJ210323+1930.9_2020-11-22_0_4600_4.5.p', 2459175.5826352816, -24.924, 32.18, 0.16, -0.15, 17.75, 0.08, 0.00010734092869917171],
['ASASJ210323+1930.9_2020-12-04_0_4600_4.5.p', 2459187.571207546, -23.994, 28.2, 0.14, -0.13, 17.13, 0.11, 9.406507735601747e-05],
['ASASJ210323+1930.9_2021-07-08_0_4600_4.5.p', 2459403.83503082, 15.308, 12.54, 0.19, -0.2, 17.02, 0.06, 4.182893865405883e-05],
['ASASJ210323+1930.9_2021-08-26_0_4600_4.5.p', 2459452.7412820514, -3.549, -25.37, 0.14, -0.11, 17.88, 0.08, -8.462521321000579e-05]

