GSC02769-00149
Avg RV: -21.034545454545455 km/s
RV STD: 14.63557829626543 km/s
Vsini: 24.651818181818182 km/s
Vsini STD: 2.475479083776487 km/s
['Filename', 'BJD', 'BVCORR', 'RV', 'RV Upper Error', 'RV Lower Error', 'Vsini', 'Vsini Error', 'redshift'],
['GSC02769-00149_2020-07-13_0_4400_4.5.p', 2459043.946432999, 24.136, -1.95, 0.19, -0.21, 19.68, 0.21, -6.504500029937378e-06],
['GSC02769-00149_2020-08-06_0_4400_4.5.p', 2459067.953196569, 19.819, -5.33, 0.35, -0.3, 27.95, 0.37, -1.77789667484955e-05],
['GSC02769-00149_2020-09-03_0_4400_4.5.p', 2459095.789541856, 11.135, -40.13, 0.2, -0.19, 25.17, 0.13, -0.00013385927497507025],
['GSC02769-00149_2020-09-28_0_4400_4.5.p', 2459120.7442322248, 0.826, -17.56, 0.19, -0.19, 22.06, 0.13, -5.8573856679846334e-05],
['GSC02769-00149_2020-11-21_0_4400_4.5.p', 2459174.659242519, -20.117, -31.42, 0.21, -0.2, 25.79, 0.18, -0.00010480584150801663],
['GSC02769-00149_2020-11-22_0_4400_4.5.p', 2459175.631255174, -20.333, -13.96, 0.22, -0.21, 21.26, 0.11, -4.656554893226964e-05],
['GSC02769-00149_2020-12-05_0_4400_4.5.p', 2459188.673853307, -23.504, -49.11, 0.24, -0.22, 24.03, 0.27, -0.00016381333152319213],
['GSC02769-00149_2021-07-08_0_4400_4.5.p', 2459403.8925774097, 24.689, -5.03, 0.35, -0.38, 26.75, 0.23, -1.677827443619744e-05],
['GSC02769-00149_2021-07-09_0_4400_4.5.p', 2459404.9565587067, 24.489, -17.97, 0.23, -0.24, 26.67, 0.07, -5.994146950665368e-05],
['GSC02769-00149_2021-08-26_0_4400_4.5.p', 2459452.9315603673, 13.85, -32.63, 0.22, -0.19, 26.01, 0.16, -0.0001088419671676188],
['GSC02769-00149_2021-10-03_0_4400_4.5.p', 2459490.8565301974, -1.502, -16.29, 0.18, -0.18, 25.8, 0.12, -5.4337592557784556e-05]

