HD347929
Avg RV: -0.11846153846153848 km/s
RV STD: 0.5057339853177018 km/s
Vsini: 10.700769230769232 km/s
Vsini STD: 0.33985203881104453 km/s
['Filename', 'BJD', 'BVCORR', 'RV', 'RV Upper Error', 'RV Lower Error', 'Vsini', 'Vsini Error', 'redshift'],
['HD347929_2019-09-11_0_4400_4.5.p', 2458737.6464178152, -21.148, -0.29, 0.1, -0.1, 10.6, 0.07, -9.673359018881229e-07],
['HD347929_2020-05-10_0_4400_4.5.p', 2458979.931411792, 14.707, -0.07, 0.13, -0.09, 10.58, 0.06, -2.3349487286954692e-07],
['HD347929_2020-07-12_0_4400_4.5.p', 2459042.8180268123, -6.722, -0.17, 0.08, -0.07, 10.48, 0.06, -5.670589769688997e-07],
['HD347929_2020-07-14_0_4400_4.5.p', 2459044.7280912367, -7.185, -0.14, 0.09, -0.1, 10.41, 0.06, -4.6698974573909385e-07],
['HD347929_2020-09-27_0_4400_4.5.p', 2459119.6663205875, -21.954, 0.83, 0.1, -0.09, 11.46, 0.06, 2.7685820640246273e-06],
['HD347929_2020-10-02_0_4400_4.5.p', 2459124.620755193, -21.761, -0.73, 0.09, -0.07, 11.01, 0.07, -2.4350179599252747e-06],
['HD347929_2021-03-31_0_4400_4.5.p', 2459304.969834702, 21.707, -0.59, 0.1, -0.1, 11.04, 0.05, -1.968028214186181e-06],
['HD347929_2021-04-23_0_4400_4.5.p', 2459327.9398246803, 18.791, -0.2, 0.07, -0.07, 10.27, 0.06, -6.671282081987054e-07],
['HD347929_2021-04-24_0_4400_4.5.p', 2459328.9107846417, 18.666, -0.1, 0.08, -0.09, 10.16, 0.05, -3.335641040993527e-07],
['HD347929_2021-05-02_0_4400_4.5.p', 2459336.908415024, 16.917, -0.57, 0.09, -0.08, 10.83, 0.06, -1.9013153933663104e-06],
['HD347929_2021-07-08_0_4400_4.5.p', 2459403.735625022, -4.997, -0.65, 0.16, -0.15, 10.73, 0.06, -2.168166676645793e-06],
['HD347929_2021-08-26_0_4400_4.5.p', 2459452.692151685, -19.016, 0.99, 0.08, -0.09, 10.93, 0.07, 3.302284630583592e-06],
['HD347929_2021-10-04_0_4400_4.5.p', 2459491.63520847, -21.722, 0.15, 0.08, -0.08, 10.61, 0.05, 5.00346156149029e-07]

