HUVir
Avg RV: 0.2791666666666668 km/s
RV STD: 35.11421873883697 km/s
Vsini: 27.97333333333333 km/s
Vsini STD: 0.6163918306474289 km/s
['Filename', 'BJD', 'BVCORR', 'RV', 'RV Upper Error', 'RV Lower Error', 'Vsini', 'Vsini Error', 'redshift'],
['HUVir_2020-05-10_0_4400_4.5.p', 2458979.7004218716, -19.74, 22.21, 0.22, -0.21, 28.89, 0.23, 7.408458752046624e-05],
['HUVir_2021-01-31_0_4400_4.5.p', 2459245.9533729968, 24.736, -45.38, 0.2, -0.19, 28.33, 0.12, -0.00015137139044028627],
['HUVir_2021-03-30_0_4400_4.5.p', 2459303.79537234, -0.986, 44.3, 0.16, -0.19, 26.88, 0.17, 0.00014776889811601325],
['HUVir_2021-04-01_0_4400_4.5.p', 2459305.752263983, -1.882, 5.43, 0.22, -0.21, 28.33, 0.23, 1.8112530852594852e-05],
['HUVir_2021-04-23_0_4400_4.5.p', 2459327.680295672, -12.5, -26.08, 0.2, -0.19, 27.1, 0.14, -8.699351834911119e-05],
['HUVir_2021-04-24_0_4400_4.5.p', 2459328.731004195, -13.101, -42.38, 0.24, -0.23, 28.28, 0.13, -0.0001413644673173057],
['HUVir_2021-04-25_0_4400_4.5.p', 2459329.7373210415, -13.568, -42.52, 0.19, -0.17, 27.76, 0.11, -0.00014183145706304478],
['HUVir_2021-05-04_0_4400_4.5.p', 2459338.7675645286, -17.496, -37.58, 0.71, -0.62, 27.74, 0.43, -0.00012535339032053675],
['HUVir_2021-05-29_0_4400_4.5.p', 2459363.631987794, -25.387, 18.78, 0.31, -0.4, 27.85, 0.25, 6.264333874985845e-05],
['HUVir_2021-05-29_1_4400_4.5.p', 2459363.6681375154, -25.483, 19.72, 0.19, -0.21, 28.36, 0.1, 6.577884132839235e-05],
['HUVir_2021-05-30_0_4400_4.5.p', 2459364.65690089, -25.697, 38.79, 0.27, -0.26, 28.83, 0.17, 0.00012938951598013892],
['HUVir_2021-12-14_0_4400_4.5.p', 2459563.0146970465, 29.28, 48.06, 0.21, -0.19, 27.33, 0.15, 0.00016031090843014894]

