QZBoo
Avg RV: -12.628333333333336 km/s
RV STD: 19.94271957103366 km/s
Vsini: 10.3475 km/s
Vsini STD: 0.2991689879204282 km/s
['Filename', 'BJD', 'BVCORR', 'RV', 'RV Upper Error', 'RV Lower Error', 'Vsini', 'Vsini Error', 'redshift'],
['QZBoo_2020-09-03_0_4300_4.5.p', 2459095.6202978035, -9.677, 5.85, 0.07, -0.06, 9.74, 0.06, 1.9513500089812132e-05],
['QZBoo_2020-09-28_0_4300_4.5.p', 2459120.5816413793, -5.198, -13.98, 0.08, -0.08, 10.07, 0.04, -4.663226175308951e-05],
['QZBoo_2021-01-31_0_4300_4.5.p', 2459246.01890135, 13.092, -19.2, 0.09, -0.09, 10.65, 0.05, -6.404430798707572e-05],
['QZBoo_2021-03-31_0_4300_4.5.p', 2459304.868769239, 4.323, -50.25, 0.09, -0.09, 10.7, 0.01, -0.00016761596230992475],
['QZBoo_2021-04-24_0_4300_4.5.p', 2459328.8773599784, -1.133, 11.97, 0.09, -0.08, 10.66, 0.05, 3.9927623260692526e-05],
['QZBoo_2021-04-25_0_4300_4.5.p', 2459329.8163958234, -1.241, 15.61, 0.1, -0.09, 10.17, 0.05, 5.206935664990896e-05],
['QZBoo_2021-05-03_0_4300_4.5.p', 2459337.9811839703, -3.299, -43.75, 0.06, -0.06, 10.29, 0.05, -0.0001459342955434668],
['QZBoo_2021-07-08_0_4300_4.5.p', 2459403.689239882, -12.68, -19.34, 0.16, -0.22, 10.74, 0.06, -6.451129773281482e-05],
['QZBoo_2021-07-09_0_4300_4.5.p', 2459404.6427718285, -12.65, -10.63, 0.09, -0.1, 10.49, 0.06, -3.5457864265761195e-05],
['QZBoo_2021-08-26_0_4300_4.5.p', 2459452.663416706, -10.831, -4.33, 0.08, -0.07, 10.16, 0.06, -1.4443325707501973e-05],
['QZBoo_2021-08-27_0_4300_4.5.p', 2459453.6539127724, -10.701, 3.75, 0.08, -0.08, 10.09, 0.04, 1.2508653903725727e-05],
['QZBoo_2021-10-04_0_4300_4.5.p', 2459491.590145145, -4.014, -27.24, 0.1, -0.07, 10.41, 0.09, -9.086286195666368e-05]

