RXJ1112.4+3950
Avg RV: -29.413999999999998 km/s
RV STD: 37.21037647395325 km/s
Vsini: 47.89933333333333 km/s
Vsini STD: 1.6674670078362033 km/s
['Filename', 'BJD', 'BVCORR', 'RV', 'RV Upper Error', 'RV Lower Error', 'Vsini', 'Vsini Error', 'redshift'],
['RXJ1112.4+3950_2020-05-10_0_4300_4.5.p', 2458979.6720792586, -24.551, -84.59, 0.55, -0.56, 50.23, 0.29, -0.0002821618756576425],
['RXJ1112.4+3950_2020-07-13_0_4300_4.5.p', 2459043.6293110363, -16.65, -66.78, 0.54, -0.59, 45.85, 0.01, -0.00022275410871754774],
['RXJ1112.4+3950_2020-07-14_0_4300_4.5.p', 2459044.6230532136, -16.33, -2.79, 0.64, -0.69, 49.01, 0.01, -9.306438504371942e-06],
['RXJ1112.4+3950_2020-11-22_0_4300_4.5.p', 2459176.009393494, 25.796, -5.47, 0.46, -0.52, 47.92, 0.0, -1.8245956494234594e-05],
['RXJ1112.4+3950_2020-12-04_0_4300_4.5.p', 2459187.979044886, 25.374, 2.09, 0.49, -0.47, 49.26, 0.37, 6.971489775676472e-06],
['RXJ1112.4+3950_2021-01-31_0_4300_4.5.p', 2459245.8731883643, 9.272, -5.99, 0.35, -0.38, 47.86, 0.25, -1.998048983555123e-05],
['RXJ1112.4+3950_2021-02-01_0_4300_4.5.p', 2459246.868918375, 8.858, -73.73, 0.45, -0.53, 49.02, 0.33, -0.0002459368139524528],
['RXJ1112.4+3950_2021-03-30_0_4300_4.5.p', 2459303.678836856, -14.975, -8.02, 0.54, -0.53, 49.92, 0.28, -2.6751841148768085e-05],
['RXJ1112.4+3950_2021-03-31_0_4300_4.5.p', 2459304.777120433, -15.544, -79.21, 0.46, -0.48, 45.91, 0.25, -0.00026421612685709726],
['RXJ1112.4+3950_2021-04-23_0_4300_4.5.p', 2459327.770660025, -22.064, -35.75, 0.52, -0.5, 47.66, 0.36, -0.0001192491672155186],
['RXJ1112.4+3950_2021-04-24_0_4300_4.5.p', 2459328.6601193347, -22.047, 14.19, 0.44, -0.42, 46.59, 0.23, 4.733274637169815e-05],
['RXJ1112.4+3950_2021-04-24_1_4300_4.5.p', 2459328.713381036, -22.16, 15.97, 0.45, -0.47, 46.23, 0.24, 5.327018742466663e-05],
['RXJ1112.4+3950_2021-04-25_0_4300_4.5.p', 2459329.7220978015, -22.38, 5.74, 0.55, -0.44, 48.78, 0.34, 1.9146579575302846e-05],
['RXJ1112.4+3950_2021-05-30_0_4300_4.5.p', 2459364.6407239097, -25.016, -29.43, 0.5, -0.5, 44.56, 0.33, -9.81679158364395e-05],
['RXJ1112.4+3950_2021-12-14_0_4300_4.5.p', 2459563.005086554, 24.099, -87.44, 0.43, -0.55, 49.69, 0.24, -0.000291668452624474]

