TYC4415-328-1
Avg RV: -47.152 km/s
RV STD: 9.770374404289734 km/s
Vsini: 7.785000000000001 km/s
Vsini STD: 0.19719279905716613 km/s
['Filename', 'BJD', 'BVCORR', 'RV', 'RV Upper Error', 'RV Lower Error', 'Vsini', 'Vsini Error', 'redshift'],
['TYC4415-328-1_2020-05-11_0_4500_4.5.p', 2458980.782451904, -6.474, -51.16, 0.12, -0.09, 7.84, 0.05, -0.00017065139565722884],
['TYC4415-328-1_2020-07-13_0_4500_4.5.p', 2459043.7918537064, -4.014, -36.7, 0.07, -0.05, 7.44, 0.04, -0.00012241802620446246],
['TYC4415-328-1_2020-08-07_0_4500_4.5.p', 2459068.733678339, -1.533, -60.12, 0.06, -0.06, 7.82, 0.06, -0.00020053873938453084],
['TYC4415-328-1_2021-03-31_0_4500_4.5.p', 2459304.94509454, -4.433, -58.26, 0.1, -0.1, 8.2, 0.11, -0.00019433444704828289],
['TYC4415-328-1_2021-04-24_0_4500_4.5.p', 2459328.8948834967, -6.019, -34.29, 0.07, -0.07, 7.62, 0.04, -0.00011437913129566805],
['TYC4415-328-1_2021-04-25_0_4500_4.5.p', 2459329.8569865488, -6.031, -35.98, 0.11, -0.08, 7.66, 0.03, -0.0001200163646549471],
['TYC4415-328-1_2021-05-30_0_4500_4.5.p', 2459364.7888057064, -6.459, -38.79, 0.07, -0.07, 7.75, 0.08, -0.00012938951598013892],
['TYC4415-328-1_2021-07-08_0_4500_4.5.p', 2459403.706915801, -4.407, -59.55, 0.17, -0.23, 7.73, 0.04, -0.00019863742399116454],
['TYC4415-328-1_2021-08-26_0_4500_4.5.p', 2459452.6444274136, 0.546, -51.58, 0.05, -0.06, 7.79, 0.05, -0.00017205236489444613],
['TYC4415-328-1_2021-10-04_0_4500_4.5.p', 2459491.6076846076, 4.466, -45.09, 0.08, -0.08, 8.0, 0.08, -0.00015040405453839816]

