[2458769.57841, 12.177, 0.059, nan, nan],
[2459042.85322, 12.357, 0.064, nan, nan],
[2459067.78809, 11.750, 0.057, nan, nan],
[2459068.82374, 11.810, 0.090, nan, nan],
[2459095.74842, nan, nan, nan, nan],
[2459124.63686, 12.014, 0.066, nan, nan],
[2459175.54376, 13.028, 0.061, nan, nan],
[2459403.81656, 12.947, 0.063, nan, nan],
[2459404.91501, 12.918, 0.067, nan, nan],
[2459452.72433, 12.138, 0.052, nan, nan],
[2459453.70892, 11.994, 0.060, nan, nan],
[2459491.65009, 12.706, 0.074, nan, nan]
