[2458769.57841, -11.094, 0.086, 0.082, nan, nan, nan],
[2459042.85322, -39.516, 0.090, 0.084, nan, nan, nan],
[2459067.78809, -29.755, 0.077, 0.062, nan, nan, nan],
[2459068.82374, -16.069, 0.072, 0.077, nan, nan, nan],
[2459095.74842, 11.825, 0.101, 0.107, nan, nan, nan],
[2459124.63686, -39.558, 0.099, 0.089, nan, nan, nan],
[2459175.54376, -0.178, 0.141, 0.124, nan, nan, nan],
[2459403.81656, -17.746, 0.153, 0.150, nan, nan, nan],
[2459404.91501, -32.099, 0.107, 0.105, nan, nan, nan],
[2459452.72433, -38.878, 0.066, 0.067, nan, nan, nan],
[2459453.70892, -40.198, 0.077, 0.075, nan, nan, nan],
[2459491.65009, -12.155, 0.091, 0.089, nan, nan, nan]
