[2459042.95051, -17.454, 0.098, 0.100, nan, nan, nan],
[2459044.83903, 6.640, 0.069, 0.074, nan, nan, nan],
[2459067.76637, 23.731, 0.061, 0.063, nan, nan, nan],
[2459119.68146, -25.543, 0.062, 0.054, nan, nan, nan],
[2459174.56134, -29.249, 0.049, 0.043, nan, nan, nan],
[2459187.55145, 6.946, 0.088, 0.093, nan, nan, nan],
[2459403.78807, -10.656, 0.129, 0.127, nan, nan, nan],
[2459452.70467, 7.531, 0.073, 0.063, nan, nan, nan],
[2459453.69356, 17.683, 0.069, 0.079, nan, nan, nan],
[2459491.66495, 9.066, 0.078, 0.069, nan, nan, nan]
