[2458980.78245, -51.148, 0.111, 0.111, nan, nan, nan],
[2459043.79185, -36.704, 0.072, 0.056, nan, nan, nan],
[2459068.73368, -60.122, 0.071, 0.056, nan, nan, nan],
[2459304.94509, -58.254, 0.108, 0.100, nan, nan, nan],
[2459328.89488, -34.289, 0.065, 0.077, nan, nan, nan],
[2459329.85699, -35.976, 0.092, 0.084, nan, nan, nan],
[2459364.78881, -38.791, 0.074, 0.072, nan, nan, nan],
[2459403.70692, -59.551, 0.154, 0.212, nan, nan, nan],
[2459452.64443, -51.578, 0.060, 0.065, nan, nan, nan],
[2459491.60768, -45.097, 0.093, 0.080, nan, nan, nan]
