[2459043.91150, -4.584, 0.073, 0.083, nan, nan, nan],
[2459067.87102, -24.738, 0.058, 0.054, nan, nan, nan],
[2459095.77100, -31.616, 0.067, 0.074, nan, nan, nan],
[2459119.72444, -26.926, 0.073, 0.077, nan, nan, nan],
[2459174.60189, -6.974, 0.060, 0.050, nan, nan, nan],
[2459187.59139, -32.385, 0.107, 0.125, nan, nan, nan],
[2459403.86204, -33.427, 0.095, 0.106, nan, nan, nan],
[2459404.92885, -32.527, 0.089, 0.083, nan, nan, nan],
[2459452.85933, -5.524, 0.064, 0.049, nan, nan, nan],
[2459490.77385, -25.349, 0.071, 0.063, nan, nan, nan]
