[2459068.90819, 66.434, 0.366, 0.336, nan, nan, nan],
[2459095.92117, -11.666, 0.376, 0.332, nan, nan, nan],
[2459119.86450, 49.043, 0.321, 0.346, nan, nan, nan],
[2459121.83071, 64.214, 0.550, 0.486, nan, nan, nan],
[2459174.78390, 64.078, 0.525, 0.479, nan, nan, nan],
[2459175.74163, 64.864, 0.380, 0.421, nan, nan, nan],
[2459188.69580, 25.674, 0.464, 0.421, nan, nan, nan],
[2459403.95967, -9.944, 0.431, 0.433, nan, nan, nan],
[2459453.91424, -9.309, 0.346, 0.355, nan, nan, nan],
[2459490.91468, 12.019, 0.194, 0.176, nan, nan, nan],
[2459490.93376, 5.141, 0.654, 0.553, nan, nan, nan],
[2459491.95818, 19.023, 0.449, 0.497, nan, nan, nan]
