[2459068.90819, 48.479, 0.288, nan, nan],
[2459095.92117, 51.907, 0.278, nan, nan],
[2459119.86450, 50.841, 0.328, nan, nan],
[2459121.83071, 49.616, 0.373, nan, nan],
[2459174.78390, 51.539, 0.308, nan, nan],
[2459175.74163, 51.748, 0.334, nan, nan],
[2459188.69580, 51.442, 0.265, nan, nan],
[2459403.95967, 45.835, 0.332, nan, nan],
[2459453.91424, 49.667, 0.191, nan, nan],
[2459490.91468, 26.623, 0.126, nan, nan],
[2459490.93376, 49.905, 0.397, nan, nan],
[2459491.95818, 51.900, 0.385, nan, nan]
