[2459067.93754, 19.836, 0.078, 0.074, nan, nan, nan],
[2459095.82128, 18.884, 0.084, 0.085, nan, nan, nan],
[2459096.89421, 21.696, 0.085, 0.071, nan, nan, nan],
[2459121.75784, -17.690, 0.051, 0.055, nan, nan, nan],
[2459174.76937, -31.672, 0.054, 0.053, nan, nan, nan],
[2459188.56490, 11.839, 0.074, 0.079, nan, nan, nan],
[2459403.92259, 19.751, 0.280, 0.373, nan, nan, nan],
[2459453.87519, -16.884, 0.058, 0.061, nan, nan, nan],
[2459490.89437, -10.340, 0.058, 0.051, nan, nan, nan],
[2459491.77596, -26.732, 0.090, 0.083, nan, nan, nan],
[2459539.81052, -39.563, 0.080, 0.081, nan, nan, nan]
