[2459043.93053, -21.600, 0.388, 0.365, nan, nan, nan],
[2459045.95939, 57.281, 0.453, 0.409, nan, nan, nan],
[2459067.88731, 68.845, 0.430, 0.361, nan, nan, nan],
[2459068.85846, 0.850, 0.371, 0.393, nan, nan, nan],
[2459174.62087, -26.158, 0.403, 0.376, nan, nan, nan],
[2459187.61337, -35.022, 0.516, 0.503, nan, nan, nan],
[2459403.87767, 48.405, 0.377, 0.443, nan, nan, nan],
[2459404.94402, 65.464, 0.309, 0.372, nan, nan, nan],
[2459452.87638, -34.668, 0.359, 0.409, nan, nan, nan],
[2459453.95590, 12.035, 0.330, 0.280, nan, nan, nan],
[2459490.79340, -34.577, 0.382, 0.362, nan, nan, nan]
